E 0 0 -1
V 0 0 1 0 1 0
F 45
R 128 128
L 0.0 50.0 25.0
M 1.0 1.0 0.5 0.1 0.9 0.3 20 0.2
T -0.5 -0.5 0.0 -0.5 -0.5 1.0 0.5 -0.5 1.0
T -0.5 -0.5 0.0  0.5  -0.5 0.0 0.5 -0.5 1.0
M 0.5 0.5 1.0 0.1 0.9 0.3 20.0 0.0
S -0.330035 0.017528 1.010895 0.030000
S -0.305650 -0.086795 1.044327 0.030000
S -0.373155 0.159694 0.970808 0.030000
S -0.169209 0.129028 1.050319 0.030000
S -0.138362 0.107666 0.888094 0.030000
S -0.159319 -0.171967 0.825555 0.030000
S -0.405615 -0.091772 0.917168 0.030000
S -0.420430 0.127779 0.892729 0.030000
S -0.303343 -0.068840 1.035953 0.030000
S -0.319888 -0.053278 1.150508 0.030000
S -0.449130 -0.128142 0.995888 0.030000
S -0.371948 -0.051921 0.825716 0.030000
S -0.357368 0.078389 0.878705 0.030000
S -0.371318 -0.019984 0.885167 0.030000
S -0.371489 -0.161649 1.115474 0.030000
S -0.189728 -0.165985 1.053416 0.030000
S -0.396889 0.165910 0.960223 0.030000
S -0.300694 0.030516 0.872766 0.030000
S -0.380418 -0.060124 1.127373 0.030000
S -0.346997 -0.062955 0.901135 0.030000
S -0.361951 0.131218 0.940730 0.030000
S -0.132028 -0.024695 0.842036 0.030000
S -0.367014 0.039627 1.047382 0.030000
S -0.232356 0.121519 1.105167 0.030000
S -0.474402 0.103757 1.165280 0.030000
S -0.125449 -0.155357 1.027419 0.030000
S -0.435266 -0.123453 1.102795 0.030000
S -0.434871 -0.048717 1.009154 0.030000
S -0.395746 -0.065326 1.055531 0.030000
S -0.196297 -0.039317 1.009143 0.030000
S -0.441002 0.088397 0.894267 0.030000
S -0.273479 0.159000 1.112344 0.030000
S -0.440575 -0.006633 1.051472 0.030000
S -0.184045 0.125333 1.055937 0.030000
S -0.388718 -0.141322 0.986488 0.030000
S -0.162747 0.074843 0.939961 0.030000
S -0.306494 0.113487 1.004582 0.030000
S -0.325507 0.121274 0.928201 0.030000
S -0.209840 0.057486 0.966750 0.030000
S -0.382266 0.015851 0.931075 0.030000
S -0.406491 0.046335 1.049016 0.030000
S -0.412227 0.115228 1.074384 0.030000
S -0.420740 -0.078229 1.135416 0.030000
S -0.241905 -0.037128 1.114256 0.030000
S -0.214679 0.054282 1.002435 0.030000
S -0.136578 0.077588 0.828514 0.030000
S -0.433899 -0.004689 1.167384 0.030000
S -0.409941 0.026361 1.066394 0.030000
S -0.461339 0.102272 1.172885 0.030000
S -0.156306 -0.042703 0.991541 0.030000
S -0.220831 0.073540 1.158690 0.030000
S -0.146458 -0.022260 0.924826 0.030000
S -0.438289 0.129968 0.973500 0.030000
S -0.432275 0.076328 0.854469 0.030000
S -0.350084 -0.026222 0.847110 0.030000
S -0.259102 -0.152174 0.948282 0.030000
S -0.400317 -0.137434 1.021437 0.030000
S -0.268982 -0.017474 0.895880 0.030000
S -0.148691 -0.073935 1.020999 0.030000
S -0.373305 -0.081070 1.146877 0.030000
S -0.323883 -0.057080 0.922583 0.030000
S -0.462674 0.125023 0.861882 0.030000
S -0.210738 0.004828 1.155421 0.030000
S -0.284363 0.012187 0.926364 0.030000
S -0.458786 0.042938 0.868814 0.030000
S -0.436548 0.041379 0.961163 0.030000
S -0.251230 -0.053139 1.139549 0.030000
S -0.283337 -0.103372 0.967177 0.030000
S -0.183896 -0.063104 0.999081 0.030000
S -0.217990 -0.129723 1.132980 0.030000
S -0.278798 -0.174188 1.134390 0.030000
S -0.424136 0.021629 0.983369 0.030000
S -0.252768 -0.105295 1.051077 0.030000
S -0.137273 -0.070976 0.870918 0.030000
S -0.285805 0.128537 1.125002 0.030000
S -0.273885 -0.150818 0.831889 0.030000
S -0.390202 0.077695 0.905023 0.030000
S -0.402592 -0.080119 0.860216 0.030000
S -0.129070 -0.046410 0.856242 0.030000
S -0.163751 -0.012230 1.067409 0.030000
S -0.125566 -0.155133 1.046046 0.030000
S -0.431036 -0.145787 0.861540 0.030000
S -0.399751 -0.072707 1.015968 0.030000
S -0.232474 0.154150 0.963150 0.030000
S -0.423891 0.152538 1.096835 0.030000
S -0.440233 0.058618 1.048813 0.030000
S -0.355916 0.157408 1.104921 0.030000
S -0.379767 -0.135255 0.942888 0.030000
S -0.350703 0.154845 1.047008 0.030000
S -0.280251 -0.097989 0.884248 0.030000
S -0.366063 0.170151 1.157333 0.030000
S -0.221739 -0.166743 1.144473 0.030000
S -0.331360 -0.061684 0.880862 0.030000
S -0.460623 -0.042169 0.988037 0.030000
S -0.387126 -0.099559 1.001196 0.030000
S -0.415581 0.125888 0.960287 0.030000
S -0.291124 0.148041 1.130022 0.030000
S -0.351996 -0.109727 1.035760 0.030000
S -0.175426 -0.069054 1.072375 0.030000
S -0.245665 0.050970 1.074800 0.030000
S -0.386592 -0.061598 1.102550 0.030000
S -0.267198 -0.071233 0.891234 0.030000
S -0.453969 0.050201 0.921643 0.030000
S -0.188254 0.034286 0.944608 0.030000
S -0.314633 0.106128 1.165088 0.030000
S -0.301410 -0.030249 1.157654 0.030000
S -0.234460 -0.074992 0.828546 0.030000
S -0.147035 -0.043077 0.941360 0.030000
S -0.359708 -0.111597 0.929547 0.030000
S -0.186086 -0.030377 0.904671 0.030000
S -0.367633 -0.092403 0.911368 0.030000
S -0.326585 0.157024 1.052615 0.030000
S -0.165514 -0.115912 1.121049 0.030000
S -0.386346 -0.131848 1.004572 0.030000
S -0.470183 0.172682 1.047050 0.030000
S -0.336124 -0.077962 1.161307 0.030000
S -0.141812 -0.069470 0.978424 0.030000
S -0.296475 -0.093652 1.034991 0.030000
S -0.351814 0.054837 0.890379 0.030000
S -0.340471 0.023178 1.098801 0.030000
S -0.442529 -0.155966 1.064183 0.030000
S -0.413295 -0.072258 0.981158 0.030000
S -0.440788 -0.018468 0.856157 0.030000
S -0.200708 -0.081615 0.942055 0.030000
S -0.325977 -0.093268 0.885146 0.030000
S -0.142058 -0.072717 0.945558 0.030000
S -0.431549 0.171977 0.903848 0.030000
S -0.421477 0.025613 1.150113 0.030000
S -0.183073 -0.092349 0.850613 0.030000
S -0.214487 0.086848 0.997629 0.030000
S -0.452612 -0.102678 1.138300 0.030000
S -0.147238 0.042842 0.910332 0.030000
S -0.294627 -0.079297 1.119405 0.030000
S -0.323830 0.111404 1.021480 0.030000
S -0.128407 -0.127693 1.066042 0.030000
S -0.224655 -0.133557 0.939459 0.030000
S -0.353577 -0.122385 0.912447 0.030000
S -0.256325 -0.045000 0.944308 0.030000
S -0.183383 0.023766 1.170856 0.030000
S -0.273286 0.034468 1.060114 0.030000
S -0.463026 0.068434 0.992545 0.030000
S -0.374117 0.000438 0.853423 0.030000
S -0.211795 0.106406 0.847986 0.030000
S -0.231694 -0.153670 0.897867 0.030000
S -0.296219 -0.022484 0.987621 0.030000
S -0.279012 -0.018062 1.034692 0.030000
S -0.411714 -0.039050 0.910759 0.030000
S -0.221312 -0.114374 1.019162 0.030000
S -0.279129 0.037726 0.909381 0.030000
S -0.261879 -0.035333 1.090106 0.030000
S -0.206583 -0.114919 0.858945 0.030000
S -0.445168 0.097444 0.955545 0.030000
S -0.431859 -0.139250 0.993570 0.030000
S -0.167468 -0.129733 0.967422 0.030000
S -0.152846 0.012604 0.872766 0.030000
S -0.213568 0.146898 0.884398 0.030000
S -0.379596 -0.023712 1.163699 0.030000
S -0.279161 0.162503 0.959615 0.030000
S -0.407004 -0.129124 1.171603 0.030000
S -0.264175 -0.139709 0.961537 0.030000
S -0.369182 -0.062047 0.894598 0.030000
S -0.253462 -0.168089 1.056920 0.030000
S -0.400648 0.162076 1.001591 0.030000
S -0.468346 -0.174327 0.876003 0.030000
S -0.152141 -0.171326 1.127480 0.030000
S -0.358917 -0.106203 0.909424 0.030000
S -0.346741 -0.111522 1.091014 0.030000
S -0.241200 -0.045854 0.972261 0.030000
S -0.470183 0.123389 0.963000 0.030000
S -0.349037 0.138300 1.132809 0.030000
S -0.125833 -0.032951 0.987685 0.030000
S -0.397423 -0.071425 0.860280 0.030000
S -0.154053 -0.058041 0.933937 0.030000
S -0.224046 0.146930 0.915245 0.030000
S -0.375302 0.153798 1.067291 0.030000
S -0.470108 0.041347 1.058682 0.030000
S -0.221771 -0.150081 1.033977 0.030000
S -0.311108 0.014345 1.058105 0.030000
S -0.280475 0.073006 0.976811 0.030000
S -0.384755 0.047552 1.141248 0.030000
S -0.287012 0.140126 1.104280 0.030000
S -0.367622 -0.110368 1.108467 0.030000
S -0.390640 -0.078175 1.152057 0.030000
S -0.155591 0.135320 0.982301 0.030000
S -0.413776 0.052818 0.854234 0.030000
S -0.387425 0.076093 1.116061 0.030000
S -0.408755 0.095457 0.923373 0.030000
S -0.196500 -0.110208 1.020978 0.030000
S -0.378143 0.067249 1.168175 0.030000
S -0.364450 0.103522 0.872542 0.030000
S -0.278029 -0.146759 0.898625 0.030000
S -0.463657 0.052306 1.139923 0.030000
S -0.373091 0.122321 1.174370 0.030000
S -0.293666 -0.087810 0.865919 0.030000
S -0.463945 -0.129039 1.037459 0.030000
S -0.322131 0.151341 1.078699 0.030000
S -0.367334 0.099399 1.128067 0.030000
S -0.463817 0.162460 0.957959 0.030000
S -0.305148 0.049753 1.055969 0.030000
S -0.153529 -0.043130 0.927080 0.030000
S -0.404088 -0.025122 1.035023 0.030000
S -0.171858 -0.090886 1.017271 0.030000
S -0.131612 -0.123196 0.875735 0.030000
S -0.297009 -0.065508 1.118689 0.030000
S -0.450743 0.025336 0.867148 0.030000
S -0.163548 -0.145392 0.916057 0.030000
S -0.423485 0.058212 1.106416 0.030000
S -0.440714 -0.098822 1.170279 0.030000
S -0.335323 -0.106747 1.046751 0.030000
S -0.280048 -0.029950 0.973201 0.030000
S -0.209178 0.119458 0.925905 0.030000
S -0.305992 0.158914 1.136826 0.030000
S -0.130682 0.045876 1.001111 0.030000
S -0.415218 0.048247 0.951561 0.030000
S -0.225948 0.143448 1.047061 0.030000
S -0.191330 0.108008 0.827980 0.030000
S -0.472469 -0.114758 1.113658 0.030000
S -0.463155 0.027632 1.142273 0.030000
S -0.441621 -0.058116 1.085129 0.030000
S -0.468463 0.016524 1.105957 0.030000
S -0.371606 -0.107933 0.973692 0.030000
S -0.360765 -0.098662 0.843895 0.030000
S -0.260715 -0.020123 1.114983 0.030000
S -0.347681 -0.102539 0.910342 0.030000
S -0.407474 -0.038719 1.000790 0.030000
S -0.455144 -0.099634 0.919144 0.030000
S -0.463486 0.149440 0.932057 0.030000
S -0.254520 0.120152 0.980016 0.030000
S -0.462439 -0.087863 1.045876 0.030000
S -0.150186 0.064877 0.837155 0.030000
S -0.151361 0.011867 0.856221 0.030000
S -0.435138 0.157547 0.917638 0.030000
S -0.233990 -0.069342 0.945216 0.030000
S -0.312444 -0.107143 1.083965 0.030000
S -0.347093 0.104633 1.092616 0.030000
S -0.132434 0.095885 0.916837 0.030000
S -0.435117 -0.072867 0.828984 0.030000
S -0.390598 -0.020070 0.998996 0.030000
S -0.173215 -0.117183 1.038399 0.030000
S -0.450177 -0.091644 1.097562 0.030000
S -0.319087 0.116649 0.911015 0.030000
S -0.278542 0.039713 1.170578 0.030000
S -0.407079 -0.059398 1.149643 0.030000
S -0.197343 0.069235 1.019814 0.030000
S -0.289436 0.055339 1.011322 0.030000
S -0.326479 0.118454 1.148062 0.030000
S -0.336017 -0.116969 1.057240 0.030000
S -0.429755 -0.089861 1.071158 0.030000
S -0.331146 -0.159790 0.937793 0.030000
S -0.429936 0.093268 0.903442 0.030000
S -0.261089 -0.156660 1.096152 0.030000
S -0.331274 0.094977 0.948196 0.030000
S -0.224036 0.005405 0.928789 0.030000
S -0.351248 0.067889 1.000374 0.030000
S -0.472725 0.166284 0.936725 0.030000
S -0.151831 0.015018 1.127522 0.030000
S -0.324065 -0.027429 0.833139 0.030000
S -0.453275 -0.094977 1.153253 0.030000
S -0.296828 -0.097359 1.082448 0.030000
S -0.144258 -0.019162 1.146214 0.030000
S -0.473782 -0.011664 1.079073 0.030000
S -0.449995 0.159470 0.884302 0.030000
S -0.284683 -0.164767 0.923032 0.030000
S -0.367302 0.062527 0.937366 0.030000
S -0.377652 0.106534 0.958739 0.030000
S -0.253708 -0.149152 0.911368 0.030000
S -0.295226 -0.168132 0.856905 0.030000
S -0.446898 -0.145146 1.140927 0.030000
S -0.403255 0.098096 1.129712 0.030000
S -0.173503 -0.009709 0.924367 0.030000
S -0.392947 0.095447 1.122256 0.030000
S -0.312999 0.118839 0.935133 0.030000
S -0.194342 0.146449 0.960266 0.030000
S -0.344604 -0.100114 1.133012 0.030000
S -0.460004 -0.043568 1.000566 0.030000
S -0.303984 0.076466 0.858838 0.030000
S -0.356599 -0.088953 1.119778 0.030000
S -0.143532 0.139133 1.143832 0.030000
S -0.195944 -0.071681 0.831847 0.030000
S -0.256058 0.059804 1.120078 0.030000
S -0.402122 0.017101 0.990974 0.030000
S -0.268394 0.127309 1.099142 0.030000
S -0.303386 -0.029021 1.055467 0.030000
S -0.169530 0.141461 1.111223 0.030000
S -0.313544 0.054100 0.955449 0.030000
S -0.189354 0.076018 1.085898 0.030000
S -0.233296 0.032631 1.065796 0.030000
S -0.319514 -0.102336 1.125920 0.030000
S -0.313683 -0.058864 0.879143 0.030000
S -0.298740 -0.129274 0.947128 0.030000
S -0.288069 0.015392 0.846661 0.030000
S -0.252917 0.080589 1.148254 0.030000
S -0.251743 0.141632 0.999252 0.030000
S -0.415517 -0.034436 1.053833 0.030000
S -0.305981 -0.015071 1.173601 0.030000
S -0.139120 0.151619 0.859351 0.030000
S -0.191896 -0.114545 1.089166 0.030000
S -0.473943 0.080376 0.920169 0.030000
S -0.275497 -0.130492 1.148105 0.030000
S -0.416425 0.151918 0.981831 0.030000
S -0.465302 0.081155 0.953046 0.030000
S -0.300865 0.064023 1.119693 0.030000
S -0.352679 0.168602 1.102902 0.030000
S -0.401460 0.162044 1.007263 0.030000
S -0.321426 -0.073828 0.926450 0.030000
S -0.461584 0.113103 0.835468 0.030000
S -0.380354 0.116617 0.892184 0.030000
S -0.203870 -0.122993 1.127191 0.030000
S -0.439592 -0.152249 0.884804 0.030000
S -0.378806 0.160100 1.051910 0.030000
S -0.232356 0.071756 0.906038 0.030000
S -0.313245 -0.051494 0.962712 0.030000
S -0.386731 0.132468 0.986029 0.030000
S -0.254424 0.170012 1.171123 0.030000
S -0.381284 0.025656 1.073048 0.030000
S -0.400648 -0.079254 1.163272 0.030000
S -0.132306 -0.172821 0.899117 0.030000
S -0.198839 0.109546 1.161563 0.030000
S -0.163206 -0.046217 0.990120 0.030000
S -0.451918 0.011514 1.169649 0.030000
S -0.206209 -0.030933 1.094987 0.030000
S -0.297522 -0.072066 0.871815 0.030000
S -0.137881 -0.147795 0.993666 0.030000
S -0.174860 0.165013 0.961783 0.030000
S -0.160760 -0.022163 0.851436 0.030000
S -0.269356 0.063467 0.917403 0.030000
S -0.417706 -0.069235 1.011066 0.030000
S -0.147505 0.128056 1.136409 0.030000
S -0.422598 0.017592 1.098534 0.030000
S -0.346698 0.014655 0.973201 0.030000
S -0.313982 -0.141782 0.856670 0.030000
S -0.299818 -0.073914 1.085118 0.030000
S -0.195464 -0.088568 1.156126 0.030000

S -0.028145 0.117018 2.164629 0.030000
S -0.126358 0.112468 1.859190 0.030000
S -0.027942 0.071303 2.044402 0.030000
S 0.084702 0.243718 2.075719 0.030000
S -0.019055 0.051297 2.088141 0.030000
S -0.009015 0.096179 1.952896 0.030000
S -0.099687 0.026848 1.851425 0.030000
S 0.058704 0.238068 2.088622 0.030000
S 0.019397 0.209666 2.076349 0.030000
S 0.032994 0.310486 2.008246 0.030000
S -0.168239 0.363165 1.981052 0.030000
S 0.062378 0.224481 2.111821 0.030000
S 0.078357 0.119464 2.069801 0.030000
S -0.114694 0.051671 1.851639 0.030000
S -0.033571 0.217496 2.134572 0.030000
S 0.027824 0.323720 1.856691 0.030000
S -0.072269 0.083907 2.145146 0.030000
S 0.034212 0.087239 2.126711 0.030000
S -0.139987 0.137793 2.147891 0.030000
S 0.032834 0.320750 2.088536 0.030000
S -0.113797 0.228209 2.007904 0.030000
S -0.105359 0.102951 2.109396 0.030000
S -0.139912 0.180443 1.879784 0.030000
S -0.107474 0.320889 1.914209 0.030000
S -0.010403 0.150760 2.170226 0.030000
S -0.166914 0.115469 2.076317 0.030000
S 0.081999 0.138626 2.057785 0.030000
S 0.077898 0.225539 2.061417 0.030000
S 0.084157 0.349600 1.902802 0.030000
S -0.081892 0.152010 2.121968 0.030000
S -0.111362 0.359459 1.958311 0.030000
S -0.118454 0.116228 1.932613 0.030000
S 0.046281 0.119400 1.825000 0.030000
S 0.156329 0.373740 2.094966 0.030000
S -0.036946 0.032285 1.872755 0.030000
S 0.125803 0.311394 1.841129 0.030000
S -0.144762 0.089525 2.022163 0.030000
S 0.146631 0.144287 1.898550 0.030000
S 0.137979 0.156389 2.035867 0.030000
S 0.033784 0.034624 2.062463 0.030000
S 0.120580 0.248151 2.154268 0.030000
S 0.110464 0.320110 1.925873 0.030000
S -0.028583 0.370535 2.118187 0.030000
S 0.108403 0.108719 2.058543 0.030000
S -0.009378 0.223050 2.144954 0.030000
S -0.168954 0.264172 1.825192 0.030000
S 0.132169 0.352463 2.058875 0.030000
S -0.060081 0.214398 2.007755 0.030000
S 0.043622 0.364191 1.864958 0.030000
S -0.090736 0.159508 1.915384 0.030000
S 0.034628 0.220924 2.040834 0.030000
S -0.012849 0.327853 1.948495 0.030000
S 0.088333 0.248482 1.899084 0.030000
S 0.119031 0.124281 1.947064 0.030000
S -0.063329 0.148271 2.034265 0.030000
S 0.102753 0.026207 2.069160 0.030000
S -0.174690 0.152042 2.060701 0.030000
S -0.029918 0.054854 1.879613 0.030000
S 0.139774 0.266202 1.860611 0.030000
S -0.002136 0.374850 1.902332 0.030000
S -0.004379 0.360228 1.842891 0.030000
S 0.110785 0.098454 2.169414 0.030000
S -0.094507 0.372650 1.853156 0.030000
S 0.016342 0.335800 1.955930 0.030000
S 0.068605 0.360794 1.920212 0.030000
S -0.121060 0.081973 1.939726 0.030000
S -0.072653 0.172507 1.916068 0.030000
S 0.064140 0.111111 2.039221 0.030000
S -0.104942 0.140442 2.140318 0.030000
S 0.133418 0.248514 1.977281 0.030000
S 0.121989 0.260114 1.858218 0.030000
S -0.036198 0.210414 1.916495 0.030000
S -0.022441 0.030106 2.119287 0.030000
S 0.024225 0.228198 1.826143 0.030000
S 0.079051 0.026218 1.853636 0.030000
S 0.129648 0.256653 2.046132 0.030000
S 0.084456 0.269310 1.979866 0.030000
S -0.015872 0.344783 2.123987 0.030000
S -0.116595 0.047238 2.054816 0.030000
S -0.116083 0.319009 1.987973 0.030000
S -0.040962 0.234874 1.996657 0.030000
S -0.050703 0.084750 2.151277 0.030000
S -0.100841 0.239713 1.960704 0.030000
S 0.009036 0.037219 1.936714 0.030000
S 0.100488 0.254218 1.837283 0.030000
S -0.157889 0.280301 1.988368 0.030000
S 0.029224 0.287639 2.065871 0.030000
S -0.143469 0.076173 2.164265 0.030000
S 0.068231 0.348767 2.013576 0.030000
S 0.073732 0.332895 2.051227 0.030000
S -0.160249 0.275676 2.092296 0.030000
S 0.157718 0.125061 1.978734 0.030000
S -0.013928 0.227536 1.932004 0.030000
S -0.000748 0.178883 2.050735 0.030000
S 0.063232 0.335779 1.830533 0.030000
S 0.106619 0.079858 2.082993 0.030000
S -0.102069 0.126407 2.057112 0.030000
S 0.133418 0.073813 1.946092 0.030000
S -0.130363 0.040349 2.041624 0.030000
S -0.139688 0.373537 2.140457 0.030000
S -0.148500 0.163278 2.127373 0.030000
S 0.109492 0.196881 2.037608 0.030000
S -0.130663 0.199509 1.996518 0.030000
S -0.172864 0.042784 1.981158 0.030000
S -0.088461 0.254410 1.887218 0.030000
S -0.060722 0.152234 1.969078 0.030000
S -0.012903 0.095410 1.954338 0.030000
S -0.162108 0.045433 2.105626 0.030000
S -0.170685 0.362418 1.874550 0.030000
S 0.057005 0.368613 2.085204 0.030000
S 0.071136 0.161377 1.906273 0.030000
S 0.070624 0.267665 2.119586 0.030000
S 0.019781 0.321017 1.977580 0.030000
S 0.004871 0.223819 2.014313 0.030000
S 0.076253 0.338641 2.086517 0.030000
S 0.173943 0.184993 1.857268 0.030000
S 0.072974 0.057001 1.950247 0.030000
S -0.006857 0.145729 2.021640 0.030000
S -0.014772 0.268605 1.826848 0.030000
S -0.140425 0.366135 2.076028 0.030000
S -0.048706 0.154669 1.950140 0.030000
S -0.057379 0.066293 2.003535 0.030000
S 0.157333 0.303319 1.906465 0.030000
S -0.140895 0.083800 2.130235 0.030000
S 0.099185 0.083020 2.038121 0.030000
S -0.107922 0.080136 1.917937 0.030000
S 0.168303 0.041972 2.073540 0.030000
S -0.134486 0.121483 2.007135 0.030000
S 0.016791 0.331154 1.853487 0.030000
S -0.121103 0.234319 2.021352 0.030000
S -0.019429 0.026410 2.040172 0.030000
S 0.054623 0.090305 1.932516 0.030000
S -0.075922 0.171962 1.854042 0.030000
S 0.025218 0.050795 2.157707 0.030000
S 0.107965 0.153249 1.827232 0.030000
S 0.006857 0.045027 2.029085 0.030000
S 0.167149 0.099640 2.084851 0.030000
S -0.012187 0.308157 1.969388 0.030000
S 0.063927 0.085498 2.060616 0.030000
S -0.125386 0.263147 1.885210 0.030000
S -0.156917 0.311212 1.964955 0.030000
S -0.095660 0.334219 1.975690 0.030000
S 0.157269 0.121579 1.845593 0.030000
S 0.065540 0.226372 2.167010 0.030000
S 0.145114 0.077380 1.955962 0.030000
S -0.106288 0.336024 2.139143 0.030000
S -0.025464 0.104404 2.170717 0.030000
S 0.087019 0.118257 1.831409 0.030000
S -0.095479 0.223114 1.851649 0.030000
S -0.106427 0.268733 2.064920 0.030000
S 0.013074 0.078459 1.967903 0.030000
S 0.172298 0.277342 2.173174 0.030000
S 0.030847 0.263168 2.152644 0.030000
S 0.042522 0.220209 1.903581 0.030000
S 0.153862 0.277609 2.130171 0.030000
S 0.033325 0.169633 2.163635 0.030000
S 0.127052 0.112874 1.865161 0.030000
S -0.109984 0.112479 2.152719 0.030000
S 0.038100 0.301535 2.163731 0.030000
S 0.110860 0.369649 1.913857 0.030000
S 0.131143 0.369617 1.988058 0.030000
S 0.141718 0.197009 2.127458 0.030000
S -0.063297 0.313466 1.975882 0.030000
S 0.017047 0.363956 1.870224 0.030000
S 0.060765 0.235109 2.076979 0.030000
S -0.026874 0.145163 1.945462 0.030000
S -0.173248 0.267195 1.875276 0.030000
S -0.109268 0.216364 1.975049 0.030000
S -0.137531 0.374071 1.949873 0.030000
S -0.080792 0.310336 1.846480 0.030000
S 0.163849 0.346054 2.086250 0.030000
S 0.060968 0.308852 2.050287 0.030000
S 0.142070 0.329231 1.872969 0.030000
S -0.127031 0.163588 1.942001 0.030000
S -0.035323 0.371764 1.853540 0.030000
S -0.161168 0.197116 2.036850 0.030000
S -0.172276 0.238388 2.091014 0.030000
S 0.100766 0.279062 2.165088 0.030000
S -0.111469 0.315869 1.889204 0.030000
S -0.066917 0.245032 1.947566 0.030000
S -0.057678 0.323506 2.041133 0.030000
S 0.057037 0.070908 2.015904 0.030000
S -0.017870 0.371635 1.838159 0.030000
S -0.140190 0.076996 1.916602 0.030000
S 0.086699 0.197383 1.864243 0.030000
S 0.106416 0.108217 1.973116 0.030000
S 0.126614 0.269235 2.113925 0.030000
S 0.091377 0.312077 1.852910 0.030000
S -0.039777 0.207990 2.002980 0.030000
S -0.114032 0.159604 1.966483 0.030000
S -0.149045 0.141991 2.131111 0.030000
S -0.034810 0.219312 2.130876 0.030000
S -0.129594 0.216075 2.100488 0.030000
S 0.165398 0.043831 1.931096 0.030000
S -0.049432 0.176480 1.836354 0.030000
S 0.047253 0.207979 2.025624 0.030000
S -0.042041 0.126033 1.988774 0.030000
S -0.162033 0.038277 1.938423 0.030000
S 0.125514 0.304387 2.064012 0.030000
S -0.028807 0.041983 1.876077 0.030000
S 0.139037 0.365643 2.130951 0.030000
S 0.150017 0.221565 2.024428 0.030000
S -0.022879 0.318828 1.868472 0.030000
S 0.097775 0.292509 1.833438 0.030000
S 0.141045 0.334700 2.106427 0.030000
S 0.101920 0.052130 2.010350 0.030000
S 0.027173 0.273027 2.009335 0.030000
S 0.115367 0.367780 2.127885 0.030000
S -0.116275 0.368164 1.852856 0.030000
S 0.028123 0.359128 2.136131 0.030000
S -0.051259 0.144084 1.891298 0.030000
S 0.126657 0.284285 1.911389 0.030000
S -0.068018 0.333835 2.154247 0.030000
S 0.089348 0.297273 2.002019 0.030000
S 0.122662 0.369788 1.935197 0.030000
S 0.141888 0.218233 1.959401 0.030000
S 0.172073 0.060098 2.089059 0.030000
S -0.165536 0.192352 2.138545 0.030000
S -0.141183 0.141029 1.831654 0.030000
S 0.023958 0.101552 1.989255 0.030000
S -0.062325 0.313925 1.827382 0.030000
S -0.084915 0.028653 1.850282 0.030000
S 0.146140 0.308008 2.104099 0.030000
S 0.005704 0.301332 2.078058 0.030000
S -0.162589 0.074496 1.841385 0.030000
S -0.139357 0.305156 1.853615 0.030000
S 0.070602 0.082603 1.882635 0.030000
S -0.025389 0.046790 2.087938 0.030000
S 0.110486 0.372714 2.017955 0.030000
S -0.003365 0.261887 1.853839 0.030000
S 0.015007 0.345082 2.065230 0.030000
S 0.095383 0.242981 1.931342 0.030000
S -0.038228 0.291997 1.887656 0.030000
S 0.014003 0.203098 1.932004 0.030000
S 0.079906 0.287788 1.867938 0.030000
S -0.084413 0.335031 1.834431 0.030000
S 0.053192 0.300542 1.959070 0.030000
S 0.172394 0.118716 2.086678 0.030000
S -0.160516 0.203653 2.140617 0.030000
S -0.075302 0.062224 1.931107 0.030000
S 0.002681 0.260530 2.122545 0.030000
S 0.095105 0.280792 2.150989 0.030000
S 0.121562 0.302315 2.049774 0.030000
S -0.088077 0.315891 2.095671 0.030000
S 0.067569 0.284424 2.012486 0.030000
S 0.088536 0.216310 2.030356 0.030000
S -0.024086 0.311736 2.155026 0.030000
S -0.156992 0.290128 2.046837 0.030000
S -0.086346 0.183797 2.092146 0.030000
S -0.056001 0.333076 2.031007 0.030000
S 0.019600 0.248055 1.880745 0.030000
S 0.051430 0.189458 1.931010 0.030000
S 0.146812 0.080948 1.950076 0.030000
S 0.154652 0.150215 2.174904 0.030000
S 0.073860 0.111475 1.959583 0.030000
S 0.164297 0.032509 2.017496 0.030000
S -0.141547 0.028546 1.922263 0.030000
S 0.155347 0.209816 2.021031 0.030000
S -0.168816 0.291164 1.949232 0.030000
S -0.141846 0.315773 2.063564 0.030000
S 0.061630 0.157841 2.078987 0.030000
S -0.081754 0.221191 1.988646 0.030000
S -0.083078 0.086684 1.999146 0.030000
S 0.165109 0.326401 2.132201 0.030000
S -0.030901 0.250458 1.890508 0.030000
S -0.137894 0.164603 2.102678 0.030000
S -0.165654 0.329050 2.118732 0.030000
S 0.024609 0.218265 1.920222 0.030000
S -0.159843 0.254346 1.960608 0.030000
S 0.157814 0.055644 1.956581 0.030000
S -0.042725 0.159102 2.173483 0.030000
S 0.101076 0.190216 2.129680 0.030000
S 0.147614 0.288963 2.042105 0.030000
S -0.011824 0.197127 2.013042 0.030000
S -0.140628 0.245972 2.160837 0.030000
S 0.162791 0.080702 2.140425 0.030000
S -0.058426 0.260295 1.973297 0.030000
S -0.055222 0.069914 1.987674 0.030000
S 0.144025 0.053519 2.142081 0.030000
S -0.057668 0.067693 2.066383 0.030000
S -0.088451 0.080659 1.849503 0.030000
S 0.069577 0.139278 2.036305 0.030000
S 0.064076 0.037518 2.081999 0.030000
S -0.076146 0.188091 2.053737 0.030000
S 0.073486 0.263980 2.118753 0.030000
S -0.125813 0.178307 2.140799 0.030000
S -0.154738 0.231456 2.022836 0.030000
S 0.077567 0.065610 2.003429 0.030000
S 0.033250 0.041556 2.015605 0.030000
S -0.155421 0.135059 1.914091 0.030000
S 0.002660 0.153697 2.144035 0.030000
S -0.013383 0.061220 1.926118 0.030000
S 0.153093 0.118770 1.922273 0.030000
S -0.085909 0.294817 2.169478 0.030000
S -0.086111 0.243814 2.084435 0.030000
S 0.136879 0.335223 1.912222 0.030000
S 0.022815 0.218051 2.120964 0.030000
S 0.012454 0.114209 2.074586 0.030000
S -0.161520 0.310945 1.878384 0.030000
S 0.114758 0.084996 1.924944 0.030000
S -0.088002 0.278400 2.126689 0.030000
S -0.076253 0.178638 1.985367 0.030000
S -0.102817 0.102054 2.132446 0.030000
S 0.133429 0.097472 2.148959 0.030000
S -0.145071 0.356682 2.164468 0.030000
S 0.061011 0.359587 1.930338 0.030000
S -0.149547 0.272685 1.944116 0.030000
S -0.117162 0.030469 2.002841 0.030000
S -0.055083 0.051158 1.880029 0.030000
S 0.040460 0.373441 1.990462 0.030000
S -0.159886 0.118321 1.989244 0.030000
S 0.073721 0.211877 2.047691 0.030000
S -0.010703 0.192534 2.048033 0.030000
S 0.162898 0.368292 1.894908 0.030000
S -0.016748 0.148848 1.829678 0.030000
S -0.029010 0.070726 2.000171 0.030000
S 0.002008 0.272675 1.916997 0.030000
S -0.114651 0.040370 1.878096 0.030000
S 0.032439 0.264204 2.017624 0.030000
S 0.136761 0.189308 1.882304 0.030000
S 0.034949 0.306555 2.154834 0.030000
S 0.140617 0.206590 2.118208 0.030000
S 0.141280 0.213918 2.148436 0.030000
S -0.171582 0.090379 1.966365 0.030000
S 0.125034 0.247552 1.834154 0.030000
S 0.087650 0.084814 2.102635 0.030000
S 0.099484 0.098262 1.938188 0.030000
S 0.021886 0.148378 1.897151 0.030000
S -0.091783 0.051479 1.871420 0.030000
S 0.050362 0.158461 2.140564 0.030000
S -0.173676 0.243985 2.077887 0.030000
S 0.105605 0.088948 1.999936 0.030000
S 0.077235 0.159689 1.958867 0.030000

S 0.268608 0.090117 0.919304 0.030000
S 0.420409 0.166519 1.158583 0.030000
S 0.330313 -0.020903 1.092659 0.030000
S 0.191864 -0.159352 1.031969 0.030000
S 0.339360 -0.134946 1.093620 0.030000
S 0.218236 -0.143405 0.850261 0.030000
S 0.131772 -0.091324 1.061865 0.030000
S 0.380760 0.173131 1.120686 0.030000
S 0.163570 -0.125546 0.909563 0.030000
S 0.416916 -0.016000 1.058800 0.030000
S 0.300780 0.167032 1.142700 0.030000
S 0.364375 -0.087650 1.027419 0.030000
S 0.436281 -0.020721 1.071254 0.030000
S 0.318329 -0.024513 0.831601 0.030000
S 0.337234 -0.096590 0.965575 0.030000
S 0.392039 0.013672 1.001057 0.030000
S 0.340887 -0.135982 0.846106 0.030000
S 0.332439 -0.060455 0.903250 0.030000
S 0.282056 0.135822 0.879218 0.030000
S 0.234236 -0.059515 0.901904 0.030000
S 0.469937 -0.144377 1.164436 0.030000
S 0.159821 0.124777 0.901723 0.030000
S 0.305084 -0.131506 0.954530 0.030000
S 0.202460 0.160869 0.893082 0.030000
S 0.357155 0.058704 0.870053 0.030000
S 0.371169 -0.012070 0.875436 0.030000
S 0.280037 -0.051622 0.921419 0.030000
S 0.419789 0.092093 1.088077 0.030000
S 0.190999 -0.103874 0.854736 0.030000
S 0.284961 -0.033058 1.005437 0.030000
S 0.254263 0.037085 1.159128 0.030000
S 0.431229 -0.073988 1.106042 0.030000
S 0.355040 -0.030997 0.884483 0.030000
S 0.270135 0.129263 0.891650 0.030000
S 0.446129 0.149963 0.835307 0.030000
S 0.367751 -0.107121 1.011343 0.030000
S 0.315594 -0.074757 1.050212 0.030000
S 0.325175 -0.159235 1.027397 0.030000
S 0.277837 -0.161179 1.014056 0.030000
S 0.153358 0.146727 1.088963 0.030000
S 0.301730 -0.149419 1.050778 0.030000
S 0.260266 -0.024396 0.851083 0.030000
S 0.326596 0.169894 1.128409 0.030000
S 0.418988 0.079756 0.882283 0.030000
S 0.298163 -0.078709 0.841171 0.030000
S 0.334019 -0.087724 0.889236 0.030000
S 0.401727 0.173483 0.837422 0.030000
S 0.212393 -0.101097 0.894855 0.030000
S 0.146181 -0.117439 1.103607 0.030000
S 0.321341 -0.063745 0.929878 0.030000
S 0.430780 -0.082918 0.913258 0.030000
S 0.418155 0.122118 1.082726 0.030000
S 0.173044 0.091602 1.124478 0.030000
S 0.414011 -0.105519 1.040375 0.030000
S 0.162267 0.128313 0.828600 0.030000
S 0.276768 0.077332 0.938765 0.030000
S 0.195068 0.089615 0.934738 0.030000
S 0.180574 0.171945 0.868739 0.030000
S 0.167981 0.019290 1.039606 0.030000
S 0.466957 0.161873 0.895709 0.030000
S 0.164809 -0.058458 1.096803 0.030000
S 0.387051 0.035878 0.892558 0.030000
S 0.152525 0.039178 0.984843 0.030000
S 0.140125 -0.154866 1.099463 0.030000
S 0.307530 -0.042180 1.045587 0.030000
S 0.405038 0.117621 1.054431 0.030000
S 0.203133 0.006120 1.145403 0.030000
S 0.321266 0.022292 1.129039 0.030000
S 0.167404 -0.162877 0.916516 0.030000
S 0.208762 -0.122342 1.148212 0.030000
S 0.287300 0.045480 0.886620 0.030000
S 0.365134 -0.048055 0.915010 0.030000
S 0.358650 -0.155849 1.118475 0.030000
S 0.387746 -0.025934 0.844920 0.030000
S 0.131238 0.035760 1.126550 0.030000
S 0.231897 -0.164543 0.832712 0.030000
S 0.141983 0.161520 1.084296 0.030000
S 0.426443 0.029672 0.922498 0.030000
S 0.386923 0.088739 1.101727 0.030000
S 0.171271 -0.029234 0.871997 0.030000
S 0.221675 -0.020134 0.906721 0.030000
S 0.227603 -0.031734 1.138385 0.030000
S 0.220479 -0.134454 1.075313 0.030000
S 0.429210 -0.161403 1.060028 0.030000
S 0.383495 0.165216 0.992630 0.030000
S 0.230850 -0.034821 0.859137 0.030000
S 0.279813 -0.044978 0.958119 0.030000
S 0.266237 -0.046281 0.938562 0.030000
S 0.318959 -0.132425 0.993378 0.030000
S 0.202972 -0.167502 1.035867 0.030000
S 0.224185 -0.033827 1.087639 0.030000
S 0.301421 0.039168 0.972507 0.030000
S 0.256047 0.009987 0.843916 0.030000
S 0.451683 -0.115709 1.039969 0.030000
S 0.473729 0.061032 1.085556 0.030000
S 0.471155 -0.143640 0.891116 0.030000
S 0.291776 0.171988 0.968779 0.030000
S 0.289095 -0.097850 0.847729 0.030000
S 0.161465 -0.120291 0.939032 0.030000
S 0.416681 0.098555 0.988486 0.030000
S 0.297009 0.056557 0.987396 0.030000
S 0.296870 -0.003749 1.038303 0.030000
S 0.245868 -0.165974 0.925905 0.030000
S 0.189514 -0.119073 1.034885 0.030000
S 0.338698 0.104590 0.976875 0.030000
S 0.419212 -0.017592 0.943839 0.030000
S 0.266643 0.121381 1.029373 0.030000
S 0.388857 0.134679 1.075494 0.030000
S 0.339883 -0.153926 1.124831 0.030000
S 0.435565 0.020348 1.065956 0.030000
S 0.151585 -0.014569 1.012262 0.030000
S 0.319867 -0.011771 0.868141 0.030000
S 0.322890 0.101866 1.030217 0.030000
S 0.439442 -0.166498 0.997543 0.030000
S 0.457387 -0.074950 1.096323 0.030000
S 0.287161 -0.006761 0.836450 0.030000
S 0.305853 -0.074704 1.134892 0.030000
S 0.174902 -0.044305 1.064066 0.030000
S 0.202000 -0.071767 0.916805 0.030000
S 0.312273 -0.021736 0.940250 0.030000
S 0.148039 -0.002542 0.893765 0.030000
S 0.457430 -0.125098 1.023328 0.030000
S 0.371671 -0.067537 0.897610 0.030000
S 0.339424 0.137808 1.039478 0.030000
S 0.164178 -0.134465 1.066341 0.030000
S 0.280518 0.019675 0.887720 0.030000
S 0.360220 0.138097 0.917403 0.030000
S 0.168483 0.139709 0.903389 0.030000
S 0.353139 0.037897 0.887431 0.030000
S 0.184729 0.008118 1.058276 0.030000
S 0.323424 0.026318 1.111949 0.030000
S 0.329202 -0.041443 0.991541 0.030000
S 0.461307 -0.174658 0.999936 0.030000
S 0.240762 0.105177 0.884206 0.030000
S 0.206422 0.008289 1.082961 0.030000
S 0.385909 0.018030 1.108061 0.030000
S 0.125908 -0.157739 1.157387 0.030000
S 0.422908 0.058276 0.887303 0.030000
S 0.376894 0.006953 0.958813 0.030000
S 0.436559 0.149857 0.855879 0.030000
S 0.268672 0.056995 1.129124 0.030000
S 0.474765 0.156596 1.115121 0.030000
S 0.221654 -0.051772 0.927496 0.030000
S 0.195314 -0.147592 1.092371 0.030000
S 0.435042 -0.144601 1.166039 0.030000
S 0.393471 0.084552 0.862032 0.030000
S 0.339883 -0.037106 0.936896 0.030000
S 0.372664 0.056503 0.863089 0.030000
S 0.249350 0.106619 1.009410 0.030000
S 0.384189 0.064503 0.972186 0.030000
S 0.140327 0.025977 1.033037 0.030000
S 0.392221 0.131410 0.915031 0.030000
S 0.381187 0.045107 1.150914 0.030000
S 0.361438 -0.140788 1.013533 0.030000
S 0.325635 -0.014900 0.881311 0.030000
S 0.308118 0.138802 0.916057 0.030000
S 0.343376 0.158199 1.126529 0.030000
S 0.298665 0.129178 0.936810 0.030000
S 0.321523 0.054282 1.041187 0.030000
S 0.262178 -0.032578 1.132083 0.030000
S 0.416681 0.042874 1.002094 0.030000
S 0.452794 -0.034554 0.908751 0.030000
S 0.133492 -0.075035 1.039616 0.030000
S 0.444975 0.106363 0.938509 0.030000
S 0.471860 -0.028754 0.833395 0.030000
S 0.315157 -0.007188 0.883405 0.030000
S 0.189066 0.070517 1.013501 0.030000
S 0.149631 -0.110240 1.067473 0.030000
S 0.184013 0.028465 1.108595 0.030000
S 0.215576 -0.035942 0.950728 0.030000
S 0.248293 -0.103896 0.916505 0.030000
S 0.282632 0.070602 0.917499 0.030000
S 0.409856 -0.037737 1.055756 0.030000
S 0.230882 -0.109546 0.876472 0.030000
S 0.390256 0.160260 0.910567 0.030000
S 0.220650 -0.043365 0.977228 0.030000
S 0.423036 -0.091751 0.973351 0.030000
S 0.324759 -0.071286 0.922508 0.030000
S 0.258568 0.119821 1.137306 0.030000
S 0.377353 0.166039 0.989468 0.030000
S 0.227913 -0.120110 0.916548 0.030000
S 0.220116 0.019824 0.961430 0.030000
S 0.273468 -0.025261 0.989864 0.030000
S 0.319397 -0.164212 1.107538 0.030000
S 0.196980 -0.062698 0.847014 0.030000
S 0.130917 0.100104 1.024866 0.030000
S 0.293463 0.114395 0.980197 0.030000
S 0.295589 0.040375 0.870128 0.030000
S 0.252469 -0.026073 0.879143 0.030000
S 0.154683 0.129680 0.999146 0.030000
S 0.134378 0.041924 1.022377 0.030000
S 0.218289 0.153915 1.146460 0.030000
S 0.287161 -0.014836 1.130502 0.030000
S 0.152568 0.058789 0.857738 0.030000
S 0.228362 0.028091 1.027151 0.030000
S 0.461082 -0.036775 1.078154 0.030000
S 0.194962 0.107944 0.859222 0.030000
S 0.368221 0.027151 0.894289 0.030000
S 0.181044 -0.028593 1.127939 0.030000
S 0.261943 -0.135159 1.119469 0.030000
S 0.156435 -0.104558 0.946295 0.030000
S 0.412334 -0.133205 0.895432 0.030000
S 0.159308 -0.084114 1.133749 0.030000
S 0.195656 0.053705 1.052487 0.030000
S 0.249628 -0.034201 1.005447 0.030000
S 0.364183 -0.046388 0.867393 0.030000
S 0.417706 -0.146930 1.079308 0.030000
S 0.304892 0.136409 0.928671 0.030000
S 0.381476 -0.110860 1.128462 0.030000
S 0.216826 0.027942 0.855527 0.030000
S 0.396216 0.109995 1.067558 0.030000
S 0.353769 0.076701 1.163539 0.030000
S 0.310158 0.001784 0.948837 0.030000
S 0.367590 0.129498 1.070677 0.030000
S 0.397273 -0.050565 0.875063 0.030000
S 0.443021 0.056183 0.985847 0.030000
S 0.403693 -0.038260 1.131432 0.030000
S 0.430235 -0.083003 0.911635 0.030000
S 0.274728 -0.115837 1.015424 0.030000
S 0.400894 0.157899 0.918022 0.030000
S 0.455016 -0.015392 1.021021 0.030000
S 0.470557 0.167726 0.897610 0.030000
S 0.242674 0.081786 0.831174 0.030000
S 0.388760 -0.094208 1.139207 0.030000
S 0.349005 0.023947 1.057582 0.030000
S 0.191789 -0.072536 0.849802 0.030000
S 0.336903 0.011600 0.909413 0.030000
S 0.435555 -0.032417 1.057625 0.030000
S 0.251561 0.035056 0.891052 0.030000
S 0.171548 0.105936 1.136227 0.030000
S 0.136824 0.110112 0.841374 0.030000
S 0.290045 0.104173 1.043857 0.030000
S 0.266290 0.086368 1.103458 0.030000
S 0.326799 -0.011771 1.018703 0.030000
S 0.180627 0.116809 1.021555 0.030000
S 0.455112 -0.126828 1.151363 0.030000
S 0.378880 -0.042543 0.871132 0.030000
S 0.408360 -0.092531 0.916217 0.030000
S 0.381508 0.106662 0.906252 0.030000
S 0.192953 0.019450 0.926118 0.030000
S 0.284630 0.137744 0.874902 0.030000
S 0.151607 0.048920 0.873621 0.030000
S 0.377791 -0.078955 1.027312 0.030000
S 0.365401 -0.139474 1.081700 0.030000
S 0.269398 0.014879 0.991028 0.030000
S 0.384904 -0.118892 0.999744 0.030000
S 0.274814 -0.126593 0.831067 0.030000
S 0.248260 0.149590 0.991487 0.030000
S 0.289265 0.067056 1.020753 0.030000
S 0.272208 0.083965 1.064087 0.030000
S 0.411191 -0.168399 1.037833 0.030000
S 0.383997 0.073967 1.174498 0.030000
S 0.169241 -0.001933 0.991188 0.030000
S 0.391698 -0.080472 1.165985 0.030000
S 0.357518 -0.096910 0.842442 0.030000
S 0.261516 -0.028166 0.876440 0.030000
S 0.166336 -0.020625 0.885434 0.030000
S 0.176611 -0.034543 1.015402 0.030000
S 0.330164 0.174808 1.100883 0.030000
S 0.437328 -0.174947 0.972571 0.030000
S 0.267316 0.088141 0.884697 0.030000
S 0.470161 0.006558 1.139485 0.030000
S 0.328049 -0.065817 1.023605 0.030000
S 0.337064 -0.139154 0.893861 0.030000
S 0.266365 -0.144644 0.930241 0.030000
S 0.420975 -0.095201 1.103757 0.030000
S 0.175084 0.122801 0.920586 0.030000
S 0.301453 -0.029843 0.853102 0.030000
S 0.393172 0.013031 1.037950 0.030000
S 0.170555 -0.106908 0.862213 0.030000
S 0.326340 -0.000534 0.968597 0.030000
S 0.165727 0.075623 0.872403 0.030000
S 0.336465 -0.045363 1.173376 0.030000
S 0.309496 0.062997 1.025218 0.030000
S 0.320444 0.163988 0.845935 0.030000
S 0.136674 -0.093268 0.888799 0.030000
S 0.283615 -0.002296 1.070015 0.030000
S 0.453809 0.041891 1.159384 0.030000
S 0.336305 0.118443 1.055019 0.030000
S 0.456223 -0.034789 1.139410 0.030000
S 0.421338 -0.137146 0.898711 0.030000
S 0.168077 0.029779 1.008417 0.030000
S 0.286787 0.067366 0.977965 0.030000
S 0.365807 0.038345 1.152740 0.030000
S 0.418048 0.008075 1.070848 0.030000
S 0.386977 -0.008972 0.949030 0.030000
S 0.157182 0.033475 1.135715 0.030000
S 0.210385 -0.156970 1.097722 0.030000
S 0.232976 0.032503 1.033368 0.030000
S 0.161647 -0.078517 0.970979 0.030000
S 0.221408 0.040492 0.845786 0.030000
S 0.196307 -0.091537 1.017026 0.030000
S 0.272549 0.088696 0.938188 0.030000
S 0.182539 0.086111 1.145306 0.030000
S 0.293549 0.039627 0.849097 0.030000
S 0.342094 -0.069876 0.996165 0.030000
S 0.139153 -0.132542 1.143993 0.030000
S 0.205322 -0.052391 1.119757 0.030000
S 0.147740 -0.168752 1.051237 0.030000
S 0.386069 0.053043 0.945131 0.030000
S 0.292758 0.044263 0.983188 0.030000
S 0.431357 -0.068755 0.905589 0.030000
S 0.264090 0.108339 0.848242 0.030000
S 0.340012 -0.132980 0.943817 0.030000
S 0.270648 0.051366 0.851767 0.030000
S 0.269313 -0.153809 0.844728 0.030000
S 0.133502 -0.026671 0.932463 0.030000
S 0.452954 -0.128270 0.828108 0.030000
S 0.235497 -0.135277 1.004913 0.030000
S 0.329501 -0.141205 0.921291 0.030000
S 0.279182 0.104793 1.098726 0.030000
S 0.223950 -0.155603 1.018008 0.030000
S 0.197247 0.019643 1.116254 0.030000
S 0.377513 -0.062090 1.156725 0.030000
S 0.327664 -0.074426 0.996027 0.030000
S 0.128172 -0.082021 1.164394 0.030000
S 0.179036 -0.155688 0.983423 0.030000
S 0.148691 0.167833 1.152399 0.030000
S 0.337160 0.049037 1.145253 0.030000
S 0.445146 -0.147453 1.066074 0.030000
S 0.222412 0.025325 0.837871 0.030000
S 0.299925 -0.051088 0.868878 0.030000
S 0.166048 0.104857 1.017998 0.030000
S 0.153337 -0.142187 1.133482 0.030000
S 0.352284 0.044156 0.941702 0.030000
S 0.250578 -0.118625 1.055830 0.030000
S 0.239331 0.070901 0.947021 0.030000
S 0.430150 -0.150519 0.900879 0.030000
S 0.446802 0.098672 1.029234 0.030000
S 0.338751 0.152463 0.871773 0.030000
S 0.245804 0.112953 1.163571 0.030000
S 0.321255 0.147346 0.913301 0.030000
S 0.132594 0.148799 1.026361 0.030000
