E 0 0 -1
V 0 0 1 0 1 0
F 45
R 128 128
L 0.0 50.0 1.0
M 1.0 1.0 0.5 0.1 0.9 0.3 20 0.2
T -0.5 -0.5 0.0 -0.5 -0.5 1.0 0.5 -0.5 1.0
T -0.5 -0.5 0.0  0.5  -0.5 0.0 0.5 -0.5 1.0
G 1
M 0.5 0.5 1.0 0.1 0.9 0.3 20.0 0.0
S 0.468375 0.098636 1.082031 0.050000
S 0.061679 0.426077 0.694412 0.050000
S 0.440134 0.394589 0.875009 0.050000
S 0.296643 0.110471 0.680463 0.050000
S -0.056989 0.467200 0.721008 0.050000
S 0.544489 0.077081 1.247290 0.050000
S 0.251675 0.086502 0.808936 0.050000
S 0.298160 0.399417 1.223236 0.050000
S 0.515649 0.156677 0.699347 0.050000
S -0.037549 0.284872 0.977271 0.050000
S 0.186221 0.255713 1.343869 0.050000
S 0.382199 0.230975 0.726862 0.050000
S 0.261716 0.092419 1.236096 0.050000
S 0.222772 -0.115628 1.260150 0.050000
S 0.024829 -0.016272 1.211401 0.050000
S -0.024112 0.108121 0.979642 0.050000
S 0.374316 0.471002 1.264081 0.050000
S 0.009683 -0.074463 0.988293 0.050000
S 0.113803 0.511697 0.697617 0.050000
S 0.542117 0.228668 1.278522 0.050000
S 0.141702 0.340073 0.652606 0.050000
S -0.072028 0.405078 0.688046 0.050000
S 0.474612 0.123416 1.156927 0.050000
S -0.049448 0.135037 0.791867 0.050000
S -0.078372 0.488220 0.900772 0.050000
S 0.336377 0.029080 1.044305 0.050000
S -0.106848 0.289615 0.841385 0.050000
S 0.002142 0.203204 1.005533 0.050000
S 0.365344 0.085220 0.778665 0.050000
S 0.336078 0.209976 1.322186 0.050000
S 0.216876 0.389590 1.198520 0.050000
S 0.047986 0.048392 1.318106 0.050000
S 0.494501 0.263809 1.245026 0.050000
S 0.430029 0.150674 0.727011 0.050000
S 0.437399 -0.024539 1.040973 0.050000
S 0.393307 0.475894 0.800711 0.050000
S 0.384207 0.182996 0.719534 0.050000
S 0.519131 0.319223 1.193008 0.050000
S 0.487152 -0.105054 1.140714 0.050000
S 0.326849 -0.144617 1.287131 0.050000
S -0.144702 0.164026 1.337503 0.050000
S -0.049896 0.466965 1.341199 0.050000
S 0.027927 0.238004 0.851425 0.050000
S 0.466495 -0.053806 1.009784 0.050000
S 0.328729 0.239349 0.965543 0.050000
S 0.381558 0.393414 1.097305 0.050000
S 0.259644 0.423364 0.911816 0.050000
S -0.138144 0.152533 1.247247 0.050000
S 0.545557 0.305338 0.705777 0.050000
S -0.016849 0.110876 1.110379 0.050000
S 0.327234 0.090070 1.033090 0.050000
S 0.344196 0.135934 1.198904 0.050000
S 0.305487 0.019275 1.267456 0.050000
S 0.033951 -0.087900 1.062463 0.050000
S -0.146005 0.510095 0.823804 0.050000
S 0.164496 0.263660 0.752475 0.050000
S 0.126920 0.431396 1.133322 0.050000
S 0.535388 0.493839 1.310159 0.050000
S -0.120605 0.287415 1.055072 0.050000
S -0.089844 0.220935 1.059772 0.050000
S 0.482004 -0.107553 0.699390 0.050000
S 0.304440 0.139737 0.748608 0.050000
S 0.429410 0.459232 1.219434 0.050000
S -0.058804 -0.034857 0.886566 0.050000
S 0.409586 0.227515 0.816156 0.050000
S -0.137204 0.315463 0.938733 0.050000
S 0.297861 0.164987 0.886246 0.050000
S 0.436203 -0.149872 1.052145 0.050000
S -0.140985 0.316531 1.309134 0.050000
S 0.187460 -0.120734 0.987930 0.050000
S 0.066251 0.098807 0.807077 0.050000
S 0.089044 -0.101123 0.924121 0.050000
S -0.031567 0.072552 1.207086 0.050000
S 0.538657 0.461005 0.925296 0.050000
S -0.059082 0.510864 0.773816 0.050000
S 0.346738 -0.047739 0.684030 0.050000
S 0.030170 0.357782 0.656088 0.050000
S 0.330203 0.413110 0.861700 0.050000
S 0.435156 0.473459 0.683026 0.050000
S 0.029037 -0.027316 1.029608 0.050000
S 0.046533 0.128479 1.347266 0.050000
S -0.141348 -0.114026 1.075537 0.050000
S 0.274576 -0.122549 1.109332 0.050000
S 0.520691 0.129974 0.729147 0.050000
S -0.070660 0.149286 1.236716 0.050000
S -0.043744 0.031665 0.814661 0.050000
S 0.253812 0.374402 0.741196 0.050000
S 0.076654 -0.051797 1.193564 0.050000
S 0.046021 -0.132782 0.685355 0.050000
S 0.283484 -0.011572 0.955032 0.050000
S 0.422873 0.430435 0.982141 0.050000
S 0.230997 0.341440 0.982034 0.050000
S 0.465448 0.286667 1.097284 0.050000
S 0.527100 0.549402 1.307040 0.050000
S 0.030939 0.307047 1.070389 0.050000
S 0.050229 0.116238 1.306464 0.050000
S 0.106818 0.135144 1.284161 0.050000
S 0.018848 -0.031226 1.209799 0.050000
S 0.205917 0.234970 1.020444 0.050000
S 0.521524 -0.130475 1.250708 0.050000
S 0.144586 0.261310 1.334384 0.050000
S 0.040851 -0.091788 1.204053 0.050000
S -0.101999 -0.103900 1.339127 0.050000
S 0.416528 -0.040369 0.970071 0.050000
S 0.272482 0.055057 1.014740 0.050000
S 0.133093 -0.023001 1.124606 0.050000
S 0.465106 -0.020309 0.719855 0.050000
S 0.321487 -0.121503 0.686636 0.050000
S -0.120071 0.131021 1.082800 0.050000
S 0.368634 0.268658 0.802676 0.050000
S 0.328387 -0.071921 0.967828 0.050000
S 0.373996 0.403754 1.146225 0.050000
S 0.443829 -0.034430 0.838159 0.050000
S 0.212326 0.147513 0.818634 0.050000
S -0.023834 0.337830 0.759354 0.050000
S -0.002515 0.458035 1.052359 0.050000
S 0.188913 0.528275 0.990836 0.050000
S 0.328387 0.088232 1.096280 0.050000
S 0.143988 -0.068503 0.788641 0.050000
S -0.126523 -0.145663 1.343185 0.050000
S 0.419839 -0.101828 0.974515 0.050000
S 0.052878 0.421271 1.078656 0.050000
S 0.149435 0.466238 1.204822 0.050000
S 0.442889 -0.145044 1.326587 0.050000
S -0.122015 0.305850 1.183267 0.050000
S 0.396149 0.287607 0.676511 0.050000
S 0.209335 0.394333 1.292685 0.050000
S -0.023599 0.122797 0.739487 0.050000
S 0.026282 -0.108450 0.659570 0.050000
S 0.391492 0.455685 0.829764 0.050000
S 0.017844 0.441586 1.200015 0.050000
S 0.504861 0.092334 1.146716 0.050000
S 0.414990 0.220145 0.711716 0.050000
S 0.154968 0.003979 0.772726 0.050000
S 0.213309 0.519131 0.964795 0.050000
S 0.150418 0.539233 1.145221 0.050000
S 0.031729 0.043671 0.789005 0.050000
S -0.127185 0.321808 1.343570 0.050000
S 0.412213 -0.065768 0.845230 0.050000
S 0.448679 0.076120 1.189014 0.050000
S -0.111206 0.051767 1.292557 0.050000
S 0.381195 0.132153 0.928949 0.050000
S 0.438168 -0.084332 1.005875 0.050000
S 0.202777 -0.147202 1.300888 0.050000
S 0.350946 0.301086 1.049988 0.050000
S 0.154605 -0.110907 1.083954 0.050000
S 0.524216 0.119571 1.063083 0.050000
S 0.259857 -0.010675 1.186087 0.050000
S 0.356628 0.363785 1.332205 0.050000
S -0.031738 -0.046884 0.718423 0.050000
S 0.116345 0.030917 1.042511 0.050000
S -0.149188 0.319543 0.713766 0.050000
S 0.436032 -0.013922 1.340237 0.050000
S 0.250116 0.397708 0.790158 0.050000
S 0.156741 0.426804 0.752240 0.050000
S 0.483478 0.173660 1.181985 0.050000
S -0.121161 0.497427 1.240219 0.050000
S 0.288120 0.149905 1.195401 0.050000
S 0.074432 0.416678 1.224390 0.050000
S 0.130338 -0.022189 1.131613 0.050000
S 0.454916 -0.139084 1.174872 0.050000
S 0.408368 0.518277 1.297577 0.050000
S -0.038211 -0.074634 1.028326 0.050000
S 0.001181 0.098615 1.124863 0.050000
S 0.041150 0.505310 1.129456 0.050000
S 0.189938 0.311276 1.184698 0.050000
S -0.135110 0.334647 0.908932 0.050000
S 0.341248 0.411166 0.754163 0.050000
S 0.457309 0.429922 1.280316 0.050000
S 0.131598 0.199146 1.095981 0.050000
S 0.365836 0.548654 1.152484 0.050000
S 0.545642 0.218158 0.896948 0.050000
S 0.264407 0.022116 0.704111 0.050000
S 0.536520 0.022607 1.008630 0.050000
S -0.114774 0.099042 0.933734 0.050000
S 0.330673 -0.101251 0.781827 0.050000
S 0.328281 -0.021078 1.076093 0.050000
S 0.130359 0.401147 1.325113 0.050000
S -0.117187 0.255392 0.847281 0.050000
S 0.452481 0.414862 0.782169 0.050000
S -0.098090 0.372757 1.335089 0.050000
S 0.078149 0.044482 1.051505 0.050000
S 0.084579 0.056573 1.076093 0.050000
S 0.413837 -0.046756 1.202087 0.050000
S 0.529257 0.052151 1.143918 0.050000
S 0.516183 0.119870 0.707977 0.050000
S 0.514346 -0.071536 1.300418 0.050000
S 0.049738 -0.068460 0.971225 0.050000
S 0.424091 0.118161 1.222830 0.050000
S 0.163834 0.078683 0.761490 0.050000
S 0.157852 0.004108 1.100488 0.050000
S 0.332147 0.046149 1.213260 0.050000
S 0.126514 0.166760 0.884344 0.050000
S 0.131555 0.495398 0.721585 0.050000
S -0.062222 0.211279 0.655597 0.050000
S 0.484845 0.190366 0.804193 0.050000
S -0.009158 0.138412 1.147742 0.050000
S 0.090176 0.121729 0.890091 0.050000
S 0.527420 0.443744 1.193243 0.050000
S 0.048862 0.120724 0.785928 0.050000
S 0.507275 -0.035284 1.160922 0.050000
S 0.517529 -0.090356 0.704965 0.050000
S -0.118491 0.181479 0.791055 0.050000
S 0.189041 -0.000421 1.250580 0.050000
S 0.011264 0.053497 1.208154 0.050000
S -0.112296 0.505801 1.269165 0.050000
S -0.087836 0.075372 1.084808 0.050000
S 0.282458 0.392432 1.261624 0.050000
S 0.083084 0.402301 0.731754 0.050000
S 0.518811 0.371027 1.105124 0.050000
S -0.112082 -0.037570 0.885626 0.050000
S 0.179364 -0.052438 0.826880 0.050000
S -0.109070 -0.018536 1.145563 0.050000
S 0.044696 -0.072583 1.125354 0.050000
S -0.015738 0.026730 0.659506 0.050000
S -0.022852 0.536734 0.789346 0.050000
S 0.280942 0.477005 1.168762 0.050000
S 0.426355 -0.013196 0.860034 0.050000
S 0.263660 0.271927 0.872232 0.050000
S -0.001959 -0.115521 1.051654 0.050000
S 0.266650 -0.065854 0.757666 0.050000
S 0.268552 -0.136755 1.231931 0.050000
S 0.313177 0.121002 0.652863 0.050000
S 0.511185 0.364554 0.699197 0.050000
S 0.421783 -0.007941 0.664227 0.050000
S 0.257422 0.222815 0.819446 0.050000
S 0.217709 0.308585 0.778900 0.050000
S 0.389548 -0.008539 1.138193 0.050000
S 0.028738 0.350391 1.098672 0.050000
S 0.084537 -0.026141 0.898401 0.050000
S 0.397366 0.481897 1.336285 0.050000
S 0.542566 -0.114859 1.113840 0.050000
S 0.386514 -0.041650 1.225009 0.050000
S -0.126886 -0.049234 1.303110 0.050000
S 0.286581 0.275601 0.857278 0.050000
S 0.114935 0.537225 0.824466 0.050000
S 0.430777 0.266736 0.867191 0.050000
S -0.127869 -0.105481 0.997415 0.050000
S 0.383459 0.076248 1.289417 0.050000
S 0.392218 0.156485 1.197238 0.050000
S -0.130539 -0.066153 1.254105 0.050000
S 0.233560 0.082913 0.796375 0.050000
S -0.052631 0.142172 1.098651 0.050000
S 0.203909 0.322214 0.840829 0.050000
S 0.186862 0.125574 1.281662 0.050000
S 0.238922 0.413837 1.129114 0.050000
S 0.472839 -0.105930 1.159790 0.050000
S -0.135345 0.023120 1.241095 0.050000
S 0.519431 0.000583 0.819852 0.050000
S 0.190366 -0.105545 0.683496 0.050000
S 0.218030 0.242276 0.837433 0.050000
S 0.244156 0.110236 1.014996 0.050000
S 0.456412 0.120938 1.243231 0.050000
S 0.431888 0.539746 0.723251 0.050000
S 0.415781 0.266095 1.210248 0.050000
S 0.006287 -0.058356 0.988571 0.050000
S 0.468289 0.379102 0.712570 0.050000
S 0.016776 0.433212 1.318277 0.050000
S 0.045358 0.210980 1.242227 0.050000
S 0.008380 0.547586 0.914636 0.050000
S 0.116431 0.381644 0.986136 0.050000
S -0.013794 0.253021 1.278522 0.050000
S 0.493155 0.018954 1.053534 0.050000
S 0.400998 0.293524 1.195657 0.050000
S 0.146829 0.080457 0.888617 0.050000
S 0.475275 0.316895 1.332312 0.050000
S 0.480295 0.458292 0.894342 0.050000
S 0.118781 0.169751 0.927518 0.050000
S 0.221191 0.192032 0.915619 0.050000
S 0.111624 0.548312 1.339575 0.050000
S 0.485464 0.267633 0.874710 0.050000
S 0.403433 0.485486 0.730002 0.050000
S 0.488412 0.195557 1.102155 0.050000
S 0.222559 0.017908 0.880649 0.050000
S 0.540878 -0.119516 1.253741 0.050000
S 0.348895 0.495483 0.979065 0.050000
S 0.149649 0.450153 1.233234 0.050000
S -0.083777 0.062576 1.011407 0.050000
S 0.129633 0.245630 1.340836 0.050000
S 0.109723 0.237469 1.107260 0.050000
S 0.519965 -0.077774 0.924207 0.050000
S -0.047781 -0.064380 1.125012 0.050000
S 0.162616 0.308969 1.012604 0.050000
S 0.463162 0.008444 1.087329 0.050000
S 0.140036 0.263403 0.949841 0.050000
S 0.067831 0.191199 1.311377 0.050000
S 0.362994 -0.127441 0.798233 0.050000
S 0.365601 0.257935 0.964880 0.050000
S -0.059552 0.029593 1.249319 0.050000
S -0.025223 -0.043958 0.654529 0.050000
S 0.436374 0.196497 1.036401 0.050000
S 0.093829 0.126385 0.955737 0.050000
S 0.412277 0.281903 1.185980 0.050000
S -0.107190 0.491510 1.158701 0.050000
S 0.455002 -0.040881 0.957297 0.050000
S 0.412128 0.206815 0.773474 0.050000
S 0.386856 0.460065 0.989682 0.050000
S 0.335223 0.499243 0.743887 0.050000
S 0.433768 -0.058826 0.992288 0.050000
S 0.455365 0.057770 0.703021 0.050000
S 0.377670 0.168982 0.859714 0.050000
S 0.512338 0.473651 1.101236 0.050000
S 0.126428 0.049780 0.764758 0.050000
S 0.168982 0.245886 0.985602 0.050000
S 0.487857 0.468823 0.856808 0.050000
S -0.031802 0.153964 1.249063 0.050000
S 0.420053 -0.052396 0.965179 0.050000
S 0.196497 0.145911 1.330923 0.050000
S 0.036151 0.009598 0.862000 0.050000
S 0.016348 0.079303 1.180106 0.050000
S 0.355838 0.202820 0.863388 0.050000
S 0.155054 -0.123361 1.322122 0.050000
S 0.104639 -0.099350 0.930658 0.050000
S 0.490421 0.399951 1.140543 0.050000
S 0.254474 0.525818 1.061310 0.050000
S 0.089621 0.400613 0.729147 0.050000
S 0.061124 0.055826 1.319708 0.050000
S 0.274747 0.247531 1.331586 0.050000
S 0.073962 0.407855 1.139325 0.050000
S 0.446671 0.365750 1.196063 0.050000
S 0.459573 0.204572 1.116296 0.050000
S -0.069037 -0.082239 0.874005 0.050000
S -0.021698 0.127603 1.099164 0.050000
S 0.457715 0.517294 1.318063 0.050000
S -0.128360 0.210233 1.045865 0.050000
S 0.186264 0.068387 0.826517 0.050000
S -0.054916 0.441010 1.156799 0.050000
S 0.073386 0.257828 1.273822 0.050000
S 0.152148 0.285599 0.987952 0.050000
S 0.198611 0.185944 0.998483 0.050000
S 0.489993 0.320291 1.088077 0.050000
S 0.438873 -0.016315 1.328638 0.050000
S -0.007791 -0.053485 1.277625 0.050000
S -0.135132 0.323901 0.947363 0.050000
S -0.063589 0.157446 0.680463 0.050000
S 0.351074 0.075949 1.274142 0.050000
S 0.362482 0.494373 1.120782 0.050000
S 0.287158 -0.034109 1.202130 0.050000
S 0.108313 -0.001874 1.094144 0.050000
S 0.488220 0.373911 1.220181 0.050000
S 0.300125 0.067703 1.101620 0.050000
S 0.363464 0.116602 1.102560 0.050000
S 0.474548 0.221426 0.985089 0.050000
S 0.252679 0.109445 1.004401 0.050000
S 0.342401 0.053967 1.009933 0.050000
S 0.417767 0.373996 1.195465 0.050000
S 0.322556 0.531052 1.193884 0.050000
S 0.417340 0.030127 0.735300 0.050000
S 0.460107 0.001822 0.666919 0.050000
S 0.335352 -0.114496 0.978488 0.050000
S 0.189703 0.473886 0.652863 0.050000
S -0.083563 0.389355 1.134348 0.050000
S -0.006125 0.524472 1.277197 0.050000
S 0.319223 0.241571 1.331906 0.050000
S 0.430499 0.151059 0.815088 0.050000
S -0.028748 0.031708 1.292535 0.050000
S 0.446628 0.435156 0.985345 0.050000
S 0.132922 0.309695 1.029010 0.050000
S 0.047388 0.137601 1.258121 0.050000
S 0.391513 0.051318 0.907523 0.050000
S 0.435114 -0.095184 1.065134 0.050000
S 0.045465 -0.038040 0.866144 0.050000
S -0.036160 -0.023962 0.965500 0.050000
S 0.542886 0.451862 1.116403 0.050000
S 0.453720 0.082977 1.019376 0.050000
S 0.044098 -0.100717 1.302319 0.050000
S -0.132590 -0.140323 1.239664 0.050000
S 0.321317 0.285876 1.190082 0.050000
S 0.453976 0.472327 1.118753 0.050000
S 0.530560 0.525391 0.849759 0.050000
S 0.501016 -0.028940 0.948666 0.050000
S 0.324991 0.201773 1.304968 0.050000
S 0.192181 -0.102362 1.157568 0.050000
S 0.366092 0.373889 0.705435 0.050000
S 0.530667 -0.008411 1.060498 0.050000
S 0.064093 0.376517 0.957104 0.050000
S 0.049118 0.259622 0.654636 0.050000
S 0.381430 0.541220 1.164468 0.050000
S -0.132376 0.247253 0.767578 0.050000
S 0.399609 0.462244 1.135010 0.050000
S 0.374338 0.014404 1.177435 0.050000
S 0.516782 0.228796 0.906155 0.050000
S -0.026825 0.006906 0.755103 0.050000
S -0.048828 0.124890 1.216400 0.050000
S -0.141583 0.369104 1.317593 0.050000
S 0.107886 0.347678 0.792807 0.050000
S 0.424283 -0.001917 0.815665 0.050000
S 0.065054 0.502832 0.804492 0.050000
S 0.086353 -0.065491 1.095853 0.050000
S -0.016507 0.288312 0.872531 0.050000
S 0.467798 0.456241 1.064194 0.050000
S 0.382669 0.263852 0.969836 0.050000
S -0.024988 0.124869 0.724725 0.050000
S 0.490100 -0.090826 1.326288 0.050000
S -0.057928 0.373184 0.955267 0.050000
S 0.300317 -0.111526 1.112708 0.050000
S 0.547971 0.546048 0.706866 0.050000
S 0.409351 0.246869 0.949799 0.050000
S -0.106699 0.459894 1.156970 0.050000
S 0.260712 0.157745 1.312253 0.050000
S 0.250800 0.362204 0.797186 0.050000
S -0.016144 0.301065 1.111191 0.050000
S 0.065396 0.089792 1.083633 0.050000
S -0.032956 0.073663 0.777789 0.050000
S -0.140216 0.281967 1.307211 0.050000
S 0.417126 0.197501 1.074789 0.050000
S -0.108942 0.537866 1.340942 0.050000
S 0.060098 0.490378 0.867682 0.050000
S -0.012512 0.154477 0.779242 0.050000
S 0.263019 0.381857 1.031723 0.050000
S 0.162381 -0.118619 1.086560 0.050000
S 0.149030 0.484097 1.191876 0.050000
S 0.437997 0.115961 1.209094 0.050000
S -0.029474 0.147940 0.827969 0.050000
S 0.109146 0.277545 0.959134 0.050000
S 0.436545 0.440326 0.763220 0.050000
S 0.515115 0.277673 0.844931 0.050000
S 0.299570 -0.146945 0.930679 0.050000
S 0.362759 0.384186 0.879239 0.050000
S 0.529065 0.285748 1.113647 0.050000
S 0.436694 -0.104456 1.140671 0.050000
S 0.273059 0.323965 1.322849 0.050000
S 0.234073 -0.061346 1.274847 0.050000
S -0.127655 0.543890 0.940378 0.050000
S 0.158002 0.112308 0.892184 0.050000
S -0.018665 0.306320 0.667731 0.050000
S 0.483264 0.460876 1.234921 0.050000
S 0.403476 0.241592 0.898358 0.050000
S -0.042419 0.012802 1.333871 0.050000
S -0.095697 0.160651 1.232892 0.050000
S 0.009769 0.395935 0.743973 0.050000
S 0.459595 0.045465 1.103864 0.050000
S 0.488327 -0.117145 0.824509 0.050000
S -0.033063 0.058368 0.915063 0.050000
S 0.440497 0.161996 1.200848 0.050000
S 0.134076 0.455643 0.865503 0.050000
S 0.347314 0.012589 0.799792 0.050000
S 0.493839 0.180624 0.956079 0.050000
S 0.044376 0.019168 0.874753 0.050000
S 0.120917 -0.064594 0.707935 0.050000
S 0.067126 0.534726 0.920105 0.050000
S -0.121567 0.273145 0.890646 0.050000
S 0.051382 -0.075253 1.201767 0.050000
S 0.237598 0.304718 0.803873 0.050000
S 0.082187 0.438275 0.891629 0.050000
S 0.232449 0.460321 0.916730 0.050000
S -0.095718 0.390787 0.974963 0.050000
S -0.032379 0.475510 0.780246 0.050000
S 0.172806 0.548718 0.888531 0.050000
S 0.431332 -0.028406 0.728827 0.050000
S 0.320996 0.209293 1.331009 0.050000
S 0.212625 -0.142523 1.314026 0.050000
S 0.540451 0.214847 1.255023 0.050000
S 0.421057 -0.116696 1.005063 0.050000
S 0.495847 -0.139084 0.686807 0.050000
S 0.195428 0.211749 1.283136 0.050000
S 0.117136 0.193015 1.114758 0.050000
S 0.402258 0.228989 0.788620 0.050000
S -0.082068 0.172614 1.128922 0.050000
S -0.095932 -0.018857 0.688516 0.050000
S -0.037912 0.069690 0.766040 0.050000
S -0.142993 0.381451 1.154086 0.050000
S 0.234457 0.139993 1.209094 0.050000
S -0.082303 -0.025180 1.012476 0.050000
S 0.348831 -0.087473 1.190958 0.050000
S 0.333984 0.059607 0.699411 0.050000
S 0.137323 0.279852 0.848947 0.050000
S -0.094885 0.435583 1.329407 0.050000
S 0.095987 0.090817 0.656430 0.050000
S 0.157852 0.063303 0.954092 0.050000
S 0.401233 0.028781 1.007028 0.050000
S 0.236102 -0.032080 0.734039 0.050000
S 0.044504 -0.144040 1.335474 0.050000
S 0.377991 0.089087 0.944138 0.050000
S 0.151080 0.453101 0.711139 0.050000
S 0.296707 0.154947 1.203326 0.050000
S 0.334860 0.522464 0.726584 0.050000
S 0.322791 0.430222 1.104568 0.050000
S 0.087122 0.086053 0.709451 0.050000
S 0.048798 0.442227 1.157205 0.050000
S 0.387155 0.540195 1.099591 0.050000
S -0.025415 0.014084 0.679950 0.050000
S 0.045850 0.057748 0.943091 0.050000
S 0.524451 0.416849 1.134070 0.050000
S 0.337338 0.198398 1.245966 0.050000
S 0.131363 0.379828 1.103671 0.050000
S 0.324628 0.033545 1.093652 0.050000
S -0.003796 0.359683 1.346475 0.050000
S 0.232321 0.452267 0.961655 0.050000
S 0.070416 0.349686 0.896500 0.050000
S 0.448465 0.426334 1.208582 0.050000
S 0.413110 0.398990 1.332718 0.050000
S -0.062137 0.312558 0.740918 0.050000
S 0.479868 0.097012 0.875201 0.050000
S -0.093198 0.098636 1.157611 0.050000
S 0.544147 0.343533 1.070090 0.050000
S 0.261438 0.388864 1.208646 0.050000
S 0.173639 0.064008 1.011600 0.050000
S 0.138690 0.119827 0.823483 0.050000
S 0.218542 0.523318 1.165088 0.050000
S 0.543933 0.227301 0.870117 0.050000
S -0.044791 0.132495 0.733014 0.050000
S 0.394034 -0.005634 1.179785 0.050000
S 0.504605 0.116046 0.786526 0.050000
S 0.222943 0.533145 0.905408 0.050000
S 0.046426 -0.099393 0.804407 0.050000
S 0.049738 0.426483 1.159363 0.050000
S 0.417084 0.287564 0.756982 0.050000
S 0.320825 0.019040 0.887442 0.050000
S 0.246143 -0.131180 1.083014 0.050000
S 0.008081 0.437057 0.966312 0.050000
S 0.193869 0.224075 0.668286 0.050000
S 0.460748 0.069370 1.151181 0.050000
S 0.435092 0.188165 0.686145 0.050000
S 0.356137 0.098187 1.134433 0.050000
S 0.532654 0.384592 0.936639 0.050000
S -0.036160 -0.038446 1.292386 0.050000
S 0.092142 0.273892 1.162546 0.050000
S 0.213800 0.201346 0.985815 0.050000
S 0.128265 0.351758 0.763113 0.050000
S 0.030341 0.034741 0.723892 0.050000
S 0.037646 0.137750 1.008310 0.050000
S 0.449063 0.324265 1.192068 0.050000
S 0.501102 0.008807 0.814853 0.050000
S 0.158194 0.446585 1.267862 0.050000
S 0.169730 0.441907 1.017453 0.050000
S 0.488199 -0.087216 0.791718 0.050000
S 0.157404 0.521140 0.892996 0.050000
S 0.502127 0.308820 0.911624 0.050000
S -0.091168 0.027649 1.108392 0.050000
S 0.399289 0.342764 1.066864 0.050000
S 0.372137 -0.149530 0.702573 0.050000
S 0.526138 0.242084 1.105722 0.050000
S 0.016327 0.521994 1.116425 0.050000
S 0.177142 -0.022061 1.031937 0.050000
S 0.434750 0.279831 0.990366 0.050000
S 0.052664 0.540643 1.331906 0.050000
S -0.097214 -0.024475 0.893060 0.050000
S 0.407578 0.489374 1.138129 0.050000
S 0.448849 0.277225 1.265939 0.050000
S 0.061786 0.087912 1.219562 0.050000
S 0.291516 0.534149 1.002969 0.050000
S 0.439471 0.351950 1.346155 0.050000
S 0.026004 0.076526 1.171967 0.050000
S 0.243024 0.112991 0.738269 0.050000
S 0.453058 0.198334 0.758820 0.050000
S 0.342487 0.083704 1.070901 0.050000
S 0.464679 0.303308 1.018884 0.050000
S 0.453421 0.429068 1.245111 0.050000
S -0.124002 -0.027252 1.184955 0.050000
S -0.021378 0.043564 1.150647 0.050000
S 0.154691 -0.076044 0.850186 0.050000
S 0.284808 -0.055557 0.714386 0.050000
S -0.109775 -0.040561 1.250323 0.050000
S 0.065887 -0.046927 1.344446 0.050000
S -0.102213 0.146167 1.253250 0.050000
S 0.393201 0.286346 1.328168 0.050000
S 0.407727 0.297626 1.261453 0.050000
S -0.038147 -0.142224 1.210461 0.050000
S 0.185324 0.249069 1.081924 0.050000
S 0.493796 0.528830 1.055756 0.050000
S -0.103067 0.103464 1.055948 0.050000
S 0.545749 0.493924 0.668350 0.050000
S 0.123053 0.370621 0.906241 0.050000
S 0.474442 0.064584 0.699988 0.050000
S 0.055911 0.512509 1.287238 0.050000
S -0.073267 -0.024048 1.099249 0.050000
S 0.344260 0.031131 1.054816 0.050000
S 0.230804 0.412149 0.838843 0.050000
S 0.200491 0.078513 1.041101 0.050000
S 0.156613 0.170605 1.185895 0.050000
S 0.001523 0.420416 0.965671 0.050000
S 0.476343 -0.101678 1.240112 0.050000
S 0.332297 0.531094 0.774734 0.050000
S 0.075415 0.073215 0.946487 0.050000
S -0.022232 -0.073010 1.311142 0.050000
S 0.130273 0.007056 0.977634 0.050000
S 0.002975 -0.053998 1.018863 0.050000
S 0.167401 0.051682 1.165195 0.050000
S 0.307388 0.037476 0.912415 0.050000
S 0.236380 0.535025 1.326822 0.050000
S 0.039890 0.430563 0.933499 0.050000
S 0.156250 -0.126224 1.172330 0.050000
S 0.447803 -0.115927 1.109183 0.050000
S 0.216321 0.244775 1.267926 0.050000
S 0.548761 0.377841 1.158209 0.050000
S 0.516888 0.383780 1.077695 0.050000
S 0.192395 0.068536 1.200528 0.050000
S -0.090079 0.455814 0.975006 0.050000
S 0.159433 0.492514 1.047147 0.050000
S 0.532846 0.143326 0.909744 0.050000
S 0.065140 0.340628 1.121936 0.050000
S 0.206174 0.264578 1.018799 0.050000
S 0.429645 -0.058719 1.029758 0.050000
S -0.123489 0.402921 0.664099 0.050000
S 0.387839 -0.140857 1.274847 0.050000
S 0.317578 0.433618 0.761533 0.050000
S 0.073172 -0.068396 0.887762 0.050000
S 0.540857 -0.080850 0.714343 0.050000
S -0.039813 0.013742 0.973575 0.050000
S -0.098730 0.440753 1.171902 0.050000
S 0.427380 0.171097 1.188864 0.050000
S 0.000818 -0.016614 0.988037 0.050000
S 0.543954 0.335501 0.826004 0.050000
S -0.120050 0.128906 0.838223 0.050000
S 0.526160 -0.088541 0.767941 0.050000
S 0.431973 0.477774 1.161670 0.050000
S -0.108942 0.074689 0.713126 0.050000
S 0.365686 0.247040 0.908014 0.050000
S 0.393777 0.229416 0.996411 0.050000
S 0.365323 0.323944 0.976929 0.050000
S 0.506976 0.173447 0.783130 0.050000
S 0.039890 0.022928 0.732074 0.050000
S 0.025128 0.348276 1.330197 0.050000
S -0.094351 -0.060001 0.831964 0.050000
S 0.089407 0.011841 1.325967 0.050000
S 0.292242 0.058517 1.341177 0.050000
S 0.068301 0.052963 1.077032 0.050000
S -0.108023 0.171759 1.050565 0.050000
S -0.066537 0.455194 1.243744 0.050000
S 0.272247 0.288290 1.333359 0.050000
S 0.074774 0.301770 0.973874 0.050000
S 0.228198 0.213458 0.682364 0.050000
S 0.043478 -0.119003 0.782532 0.050000
S 0.155908 -0.108771 0.900388 0.050000
S 0.333109 0.087827 1.314709 0.050000
S 0.161911 0.183743 1.237186 0.050000
S 0.442355 0.313370 1.241501 0.050000
S 0.181180 0.097333 0.670871 0.050000
S 0.351608 -0.146304 0.719684 0.050000
S 0.139502 0.372714 0.806735 0.050000
S 0.519003 0.543314 1.024673 0.050000
S 0.154968 -0.021057 1.298730 0.050000
S 0.005646 0.411722 0.686081 0.050000
S 0.315955 0.025278 0.776828 0.050000
S 0.504391 0.362781 1.051205 0.050000
S 0.284915 0.167700 0.974814 0.050000
S -0.084717 -0.026120 1.111618 0.050000
S 0.247083 0.276840 0.782938 0.050000
S 0.417191 0.490741 0.689520 0.050000
S 0.339368 0.387732 0.989938 0.050000
S 0.068750 -0.056262 1.031082 0.050000
S 0.442505 0.106647 1.312552 0.050000
S -0.130966 -0.080530 0.731369 0.050000
S 0.087976 0.145590 1.127319 0.050000
S 0.257465 0.373804 0.956378 0.050000
S 0.507724 0.424539 0.807504 0.050000
S 0.370621 0.458847 0.870779 0.050000
S 0.126855 0.367844 1.312680 0.050000
S -0.061816 -0.058334 0.761191 0.050000
S 0.152853 0.256824 1.068808 0.050000
S 0.228925 -0.092642 1.204309 0.050000
S 0.440924 -0.073523 1.100168 0.050000
S 0.388031 0.247488 0.700351 0.050000
S -0.103259 0.146616 0.818015 0.050000
S 0.476300 0.427231 0.817502 0.050000
S 0.006500 0.243259 0.822031 0.050000
S 0.467755 -0.113321 0.905066 0.050000
S 0.044162 0.234735 1.017453 0.050000
S 0.021945 0.252444 0.873727 0.050000
S 0.387732 0.013272 0.880328 0.050000
S 0.059094 0.500098 1.344083 0.050000
S 0.364468 0.436160 1.102859 0.050000
S -0.133508 0.207370 1.070581 0.050000
S 0.529556 0.238538 0.908762 0.050000
S 0.391855 0.455664 1.091858 0.050000
S 0.449747 -0.021741 1.331393 0.050000
S 0.170477 0.164368 1.079831 0.050000
S 0.400464 0.212070 0.882764 0.050000
S -0.073865 0.463910 0.994189 0.050000
S 0.380490 0.216086 0.898358 0.050000
S 0.216812 0.118140 0.736389 0.050000
S -0.011807 0.443317 1.005896 0.050000
S 0.205554 0.280984 0.871805 0.050000
S 0.277097 0.290384 0.725430 0.050000
S 0.458527 -0.094394 0.791803 0.050000
S 0.101563 0.165286 1.050821 0.050000
S 0.046939 0.301898 0.952832 0.050000
S 0.465256 0.044141 1.273758 0.050000
S -0.108044 0.348575 0.798212 0.050000
S -0.118640 0.514261 0.882849 0.050000
S 0.182184 0.497662 0.774478 0.050000
S 0.133179 0.463077 0.784946 0.050000
S 0.546112 0.548099 0.837988 0.050000
S 0.273593 0.322470 0.744186 0.050000
S 0.217923 -0.001318 1.044690 0.050000
S 0.409201 -0.044342 1.103244 0.050000
S 0.428983 0.408261 0.865076 0.050000
S -0.031696 0.514560 0.927112 0.050000
S 0.228455 0.278271 1.004486 0.050000
S -0.062650 0.538678 1.281747 0.050000
S 0.021198 0.317386 0.873407 0.050000
S 0.056573 0.548376 0.814191 0.050000
S 0.047922 0.539020 0.981372 0.050000
S 0.079453 0.543442 0.825919 0.050000
S 0.157895 0.065332 1.258057 0.050000
S 0.409692 0.090753 1.113391 0.050000
S 0.176929 0.155118 1.274698 0.050000
S 0.121729 0.508685 1.177713 0.050000
S 0.289188 0.124249 0.984875 0.050000
S 0.532675 -0.131223 0.866763 0.050000
S 0.169559 0.273956 0.763412 0.050000
S 0.313882 0.275473 0.692981 0.050000
S 0.159967 0.371774 1.334085 0.050000
S 0.496039 0.187354 0.760187 0.050000
S 0.516205 0.530026 1.076926 0.050000
S 0.119122 -0.049960 1.115784 0.050000
S -0.100183 0.083853 0.933542 0.050000
S -0.001532 0.153622 0.812802 0.050000
S 0.388031 0.474185 0.819681 0.050000
S 0.402835 0.249902 1.202429 0.050000
S 0.163321 -0.123682 1.047275 0.050000
S 0.263724 0.298694 1.173975 0.050000
S 0.058432 0.271585 1.090085 0.050000
S 0.438425 0.199060 1.098416 0.050000
S 0.111688 0.322385 1.234985 0.050000
S 0.524814 0.437698 1.106064 0.050000
S 0.367459 0.471130 1.184335 0.050000
S -0.141818 0.287735 0.821454 0.050000
S 0.476236 0.024893 0.847836 0.050000
S 0.098572 0.358337 0.680911 0.050000
S 0.344431 0.299954 0.825961 0.050000
S -0.072562 -0.037357 1.053683 0.050000
S 0.394183 0.471152 1.176794 0.050000
S -0.096039 0.078918 0.968533 0.050000
S 0.054736 -0.114474 1.111383 0.050000
S 0.270026 0.362802 0.796118 0.050000
S 0.157788 0.148431 1.318298 0.050000
S 0.426804 0.266202 0.945825 0.050000
S -0.013773 0.259109 0.912457 0.050000
S 0.123331 0.467200 0.788684 0.050000
S -0.033105 -0.051648 0.773688 0.050000
S 0.484482 0.253983 0.903378 0.050000
S 0.540814 0.243280 1.226440 0.050000
S 0.250821 0.369382 0.948624 0.050000
S 0.526074 0.238345 1.147400 0.050000
S 0.093552 -0.147202 0.778986 0.050000
S -0.052866 0.176630 0.914102 0.050000
S -0.109518 0.544937 0.730685 0.050000
S 0.476599 0.428085 1.059985 0.050000
S -0.106635 0.291537 1.095276 0.050000
S 0.459573 0.379144 1.216379 0.050000
S 0.267014 0.327298 1.162119 0.050000
S 0.003958 0.309311 1.141333 0.050000
S 0.428897 -0.018622 1.230222 0.050000
S 0.159433 0.110898 1.090512 0.050000
S -0.054041 -0.142331 0.655554 0.050000
S 0.011734 -0.003006 1.319794 0.050000
S 0.045914 0.042987 1.298303 0.050000
S 0.524088 0.327618 0.756149 0.050000
S -0.141840 0.324457 0.852963 0.050000
S -0.097833 0.549808 0.972742 0.050000
S 0.301450 -0.112744 0.970520 0.050000
S 0.079282 -0.114090 1.091901 0.050000
S 0.472263 0.458142 1.303793 0.050000
S 0.154285 -0.001489 0.954520 0.050000
S 0.143005 -0.109433 0.811392 0.050000
S 0.100558 0.401532 0.873279 0.050000
S 0.543634 0.196945 1.330432 0.050000
S 0.140079 0.159860 1.266858 0.050000
S 0.359235 -0.145172 0.861145 0.050000
S 0.379401 0.313583 1.192325 0.050000
S 0.217859 0.388950 1.184036 0.050000
S 0.169345 0.064413 1.087991 0.050000
S 0.255713 0.493176 1.341113 0.050000
S 0.519516 0.358060 0.849823 0.050000
S 0.416699 0.346609 1.244043 0.050000
S 0.303949 0.476492 1.225458 0.050000
S 0.358295 0.131961 0.910406 0.050000
S 0.179150 0.303458 1.160474 0.050000
S -0.115030 0.318753 1.164127 0.050000
S 0.031964 0.233987 1.008972 0.050000
S 0.097781 0.169431 0.852216 0.050000
S 0.424753 0.052151 1.161841 0.050000
S 0.026132 0.196176 1.218280 0.050000
S 0.442505 0.486661 0.888126 0.050000
S 0.078662 0.282031 0.817651 0.050000
S 0.312067 0.359982 0.967743 0.050000
S 0.005026 0.116153 0.749548 0.050000
S 0.391641 0.360645 0.651346 0.050000
S -0.014777 0.418558 0.805347 0.050000
S -0.040390 0.177698 1.256326 0.050000
S -0.054510 -0.118277 0.874924 0.050000
S 0.200256 0.127560 1.031125 0.050000
S 0.327939 0.373312 1.304968 0.050000
S 0.030960 -0.132761 1.234045 0.050000
S 0.301535 0.061038 0.749506 0.050000
S 0.174301 0.306128 0.711566 0.050000
S 0.483670 -0.021613 0.882593 0.050000
S 0.490762 0.295874 1.265619 0.050000
S 0.529599 0.282864 0.842752 0.050000
S 0.488135 0.174600 0.703662 0.050000
S 0.532227 0.505972 1.336371 0.050000
S 0.450537 0.061337 1.310950 0.050000
S 0.540494 0.393372 1.130417 0.050000
S 0.221683 0.222067 1.103864 0.050000
S 0.043094 0.521246 0.800284 0.050000
S -0.130347 0.451306 0.659442 0.050000
S 0.358786 -0.009735 0.654828 0.050000
S -0.008261 0.116708 0.801822 0.050000
S -0.085272 0.076483 1.024374 0.050000
S 0.027371 0.090027 1.302426 0.050000
S 0.068195 -0.100461 1.056931 0.050000
S 0.368399 0.219205 1.252695 0.050000
S 0.420160 0.187033 0.809384 0.050000
S 0.031195 0.075479 0.834293 0.050000
S 0.370493 0.410739 0.933221 0.050000
S 0.516995 0.319308 1.079767 0.050000
S 0.161676 0.279617 1.124136 0.050000
S 0.277567 0.160052 1.023007 0.050000
S 0.236743 0.536200 1.120441 0.050000
S 0.456262 0.123929 0.822928 0.050000
S 0.287842 0.153943 0.883447 0.050000
S 0.330203 0.477838 1.140457 0.050000
S 0.378418 0.109872 0.761404 0.050000
S 0.173383 0.074603 1.098672 0.050000
S 0.475894 0.047858 1.215140 0.050000
S 0.031857 -0.128104 0.793533 0.050000
S -0.083136 -0.108429 0.755103 0.050000
S 0.386365 0.022543 0.887357 0.050000
S 0.132816 0.446777 0.693921 0.050000
S 0.415161 0.424219 0.946338 0.050000
S -0.120862 0.091971 0.743866 0.050000
S 0.294656 -0.060406 0.913013 0.050000
S 0.417874 0.128351 0.770334 0.050000
S -0.071921 0.142023 1.274292 0.050000
S 0.198291 0.184277 1.341327 0.050000
S -0.091617 0.192822 1.331799 0.050000
S 0.240204 0.382455 1.073102 0.050000
S 0.039569 0.202948 0.740576 0.050000
S 0.346289 0.417831 1.253464 0.050000
S 0.197009 -0.038617 0.794345 0.050000
S 0.034143 -0.102533 1.012711 0.050000
S 0.341333 0.312708 0.935828 0.050000
S 0.077701 0.199701 0.996838 0.050000
S 0.247723 0.423172 0.797720 0.050000
S 0.165778 0.153409 0.664505 0.050000
S 0.010815 0.178253 0.871378 0.050000
S -0.087793 0.059607 0.766168 0.050000
S 0.074796 0.090070 0.692746 0.050000
S 0.073450 0.212582 1.259488 0.050000
S 0.451584 0.249240 0.967017 0.050000
S -0.065897 0.263788 0.655191 0.050000
S -0.130219 0.119272 1.262180 0.050000
S 0.395786 0.048157 1.060754 0.050000
S 0.076398 0.131406 0.723508 0.050000
S 0.037006 -0.006424 1.283328 0.050000
S 0.133755 -0.020801 0.835489 0.050000
S 0.190088 0.401639 0.953815 0.050000
S 0.548654 0.424689 0.820877 0.050000
S 0.191669 -0.045667 1.131720 0.050000
S 0.482004 -0.101828 1.155603 0.050000
S -0.105801 0.109531 0.828973 0.050000
S 0.047858 0.089151 1.132767 0.050000
S 0.365280 0.430093 1.241415 0.050000
S 0.161676 0.273593 0.663565 0.050000
S 0.035126 -0.109924 1.083762 0.050000
S -0.125177 -0.007791 1.197729 0.050000
S 0.070181 0.449896 0.977121 0.050000
S 0.173340 0.470084 0.816647 0.050000
S 0.037476 0.230463 0.823654 0.050000
S -0.037955 0.539746 0.937900 0.050000
S -0.029773 -0.118790 1.109354 0.050000
S 0.236636 0.484717 1.005319 0.050000
S 0.434772 0.265326 0.789111 0.050000
S 0.504990 0.544788 1.165857 0.050000
S -0.077090 0.316083 0.718423 0.050000
S 0.291153 0.207285 0.684970 0.050000
S 0.236829 -0.012918 1.187112 0.050000
S -0.020032 -0.063547 0.970071 0.050000
S 0.085284 0.265753 0.673199 0.050000
S 0.472668 0.453699 1.087906 0.050000
S 0.456390 0.078683 1.055392 0.050000
S 0.464124 0.162509 1.319794 0.050000
S 0.161975 0.129333 0.887592 0.050000
S 0.155716 0.500974 1.331180 0.050000
S -0.052032 0.309460 1.237292 0.050000
S 0.023141 -0.011380 0.779840 0.050000
S -0.076749 -0.148056 1.308472 0.050000
S 0.502982 0.501572 0.886053 0.050000
S 0.162146 -0.115222 0.795584 0.050000
S -0.117529 0.147321 1.075986 0.050000
S 0.271307 0.538336 0.837390 0.050000
S -0.087878 0.005325 1.124457 0.050000
S 0.068430 -0.010162 0.843243 0.050000
S 0.547394 0.540109 0.701569 0.050000
S 0.282993 -0.062650 1.339896 0.050000
S 0.100687 0.267227 1.108414 0.050000
S -0.050153 0.018591 0.719257 0.050000
S -0.111996 -0.054703 1.305951 0.050000
S 0.006970 0.062811 1.145050 0.050000
S 0.319778 0.169067 1.337631 0.050000
S 0.222260 0.328259 1.187903 0.050000
S 0.254153 0.135379 0.855420 0.050000
S 0.243515 0.066656 1.288669 0.050000
S 0.236957 0.432870 0.821390 0.050000
S -0.018387 0.209891 0.989148 0.050000
S 0.536584 -0.143613 1.107089 0.050000
S -0.014948 0.329819 1.203177 0.050000
S 0.179300 0.354749 1.189804 0.050000
S 0.332339 0.415887 0.718637 0.050000
S 0.539362 0.172977 1.286746 0.050000
S 0.245609 -0.013474 0.807248 0.050000
S 0.376773 0.336761 1.110507 0.050000
S 0.399802 0.335074 1.065369 0.050000
S -0.120435 0.331741 1.310757 0.050000
S 0.257101 0.547607 1.098352 0.050000
S 0.497043 0.045273 1.026297 0.050000
S 0.180154 -0.144403 0.984961 0.050000
S -0.120242 0.046555 1.143149 0.050000
S 0.361029 -0.061624 1.301529 0.050000
S 0.412064 -0.126266 0.779135 0.050000
S 0.230548 0.206793 1.037000 0.050000
S 0.468759 -0.041608 0.728101 0.050000
S 0.373013 0.116943 0.777063 0.050000
S -0.012982 0.438126 1.036423 0.050000
S 0.452972 0.520221 0.664099 0.050000
S -0.143335 0.073386 1.088803 0.050000
S 0.049118 -0.011679 0.940720 0.050000
S 0.232492 0.083063 0.884943 0.050000
S -0.125262 0.500760 0.941296 0.050000
S 0.199146 0.531607 1.233105 0.050000
S 0.231339 0.279980 0.699261 0.050000
S 0.110321 0.526929 1.108350 0.050000
S 0.378738 0.348254 0.873685 0.050000
S 0.417404 0.310358 1.256540 0.050000
S 0.100943 0.494778 0.954584 0.050000
S 0.433618 0.323795 1.313577 0.050000
S 0.186670 -0.079697 0.870267 0.050000
S 0.388800 0.314545 0.683496 0.050000
S 0.317322 -0.093518 1.179443 0.050000
S 0.052109 0.270645 1.121872 0.050000
S 0.348254 0.177078 0.772385 0.050000
S 0.474078 0.157553 1.037170 0.050000
S 0.470938 0.213651 0.818143 0.050000
S -0.037399 0.437720 1.290164 0.050000
S 0.239841 0.498303 1.164810 0.050000
S 0.296664 -0.014328 0.978723 0.050000
S -0.071878 0.117755 1.115015 0.050000
S 0.536050 0.350220 0.978339 0.050000
S 0.424966 0.513620 0.947556 0.050000
S 0.339859 0.149200 0.706525 0.050000
S 0.296024 0.440710 1.224026 0.050000
S 0.501337 0.199658 1.028006 0.050000
S 0.080670 0.036514 1.296423 0.050000
S 0.477411 0.273358 1.155859 0.050000
S 0.385831 0.247894 1.002457 0.050000
S 0.376324 -0.087366 1.068359 0.050000
S 0.342209 0.142599 1.290784 0.050000
S 0.402921 0.332169 0.689926 0.050000
S 0.102310 0.491873 0.842133 0.050000
S 0.087314 0.255478 1.014954 0.050000
S 0.069412 0.382776 0.936234 0.050000
S 0.274213 0.378290 0.722675 0.050000
S -0.062137 0.542737 1.140756 0.050000
S 0.466965 0.002676 1.076776 0.050000
S 0.288013 0.072189 1.060733 0.050000
S 0.237662 0.132111 1.264038 0.050000
S -0.100824 -0.079376 0.867041 0.050000
S 0.471686 0.347400 1.037277 0.050000
S 0.308691 0.045187 1.111789 0.050000
S -0.051328 -0.016849 1.328381 0.050000
S -0.055301 0.395999 1.322421 0.050000
S 0.508920 0.081995 1.325262 0.050000
S 0.377371 0.217239 1.133536 0.050000
S 0.253555 0.406830 1.296445 0.050000
S 0.160907 0.473203 1.252609 0.050000
S 0.215039 0.426910 1.040866 0.050000
S 0.159518 0.544232 1.251050 0.050000
S 0.448529 -0.050110 1.171838 0.050000
S -0.044513 0.523276 1.312039 0.050000
S 0.374445 0.235760 1.052466 0.050000
S 0.211920 0.019980 0.740683 0.050000
S 0.281561 -0.012619 0.922455 0.050000
S 0.095880 0.081140 1.234387 0.050000
S 0.120532 0.455130 1.030228 0.050000
S -0.055215 -0.097748 1.214093 0.050000
S 0.112607 0.304526 1.047296 0.050000
S -0.129236 -0.026697 0.712292 0.050000
S 0.509070 -0.033212 1.331564 0.050000
S -0.072647 0.208267 1.294415 0.050000
S -0.002151 0.006543 1.159726 0.050000
S 0.203183 -0.108685 1.339297 0.050000
S 0.004706 0.290747 0.704666 0.050000
S -0.059659 -0.129770 1.312317 0.050000
S 0.213522 0.409415 1.027493 0.050000
S 0.092932 -0.123233 1.017389 0.050000
S -0.028897 -0.122784 0.725238 0.050000
S -0.071964 0.091202 1.200592 0.050000
S 0.485165 -0.085080 1.160089 0.050000
S 0.016754 0.533530 1.282901 0.050000
S 0.105557 0.365408 0.932239 0.050000
S 0.153430 0.292413 1.014911 0.050000
S 0.437613 -0.077048 1.084445 0.050000
S 0.364127 -0.067349 0.754227 0.050000
S 0.508450 -0.062372 1.178418 0.050000
S 0.009341 0.192352 1.259146 0.050000
S -0.068332 -0.115692 0.799066 0.050000
S 0.137024 0.225699 0.754227 0.050000
S 0.128351 0.346524 0.760956 0.050000