E 0 0 -1
V 0 0 1 0 1 0
F 45
R 128 128
L 0.0 50.0 1.0
M 1.0 1.0 0.5 0.1 0.9 0.3 20 0.2
T -0.5 -0.5 0.0 -0.5 -0.5 1.0 0.5 -0.5 1.0
T -0.5 -0.5 0.0  0.5  -0.5 0.0 0.5 -0.5 1.0
G 1
M 0.5 0.5 1.0 0.1 0.9 0.3 20.0 0.0
S 0.441031 0.391235 1.287045 0.050000
S 0.154926 0.151593 0.711887 0.050000
S 0.276413 0.407663 1.206573 0.050000
S -0.019284 -0.050964 1.011600 0.050000
S 0.051553 0.507895 1.083334 0.050000
S 0.254901 0.202585 0.954028 0.050000
S 0.321188 0.490356 1.115228 0.050000
S 0.160416 -0.035092 1.282837 0.050000
S 0.029999 -0.049811 0.761063 0.050000
S -0.105310 -0.096423 1.072247 0.050000
S 0.256247 0.356137 0.885071 0.050000
S -0.090164 0.158878 1.317508 0.050000
S 0.546838 0.325653 0.691315 0.050000
S 0.230206 0.529193 0.865396 0.050000
S -0.033084 0.053220 0.908270 0.050000
S 0.291452 0.076099 0.932111 0.050000
S 0.146509 0.468909 1.016214 0.050000
S 0.047366 0.035275 0.775418 0.050000
S 0.149051 0.178894 0.788663 0.050000
S 0.057172 -0.079099 0.683688 0.050000
S 0.298138 0.202371 1.129178 0.050000
S 0.033395 0.107288 0.954562 0.050000
S 0.470041 0.308734 0.816092 0.050000
S 0.237512 0.351630 0.997672 0.050000
S -0.126053 0.013229 0.906860 0.050000
S 0.394034 0.271094 1.345557 0.050000
S 0.290640 0.243835 1.287537 0.050000
S 0.490762 0.395508 1.335645 0.050000
S 0.008978 0.387155 0.870203 0.050000
S 0.282437 -0.130817 1.265576 0.050000
S 0.175519 0.291302 1.228043 0.050000
S 0.052814 0.462009 0.868280 0.050000
S 0.244711 -0.010504 0.903442 0.050000
S 0.154947 0.355325 0.834528 0.050000
S -0.028940 -0.056219 1.214520 0.050000
S 0.378076 0.282224 1.069000 0.050000
S 0.110236 -0.065363 1.008673 0.050000
S 0.119913 0.011072 1.338358 0.050000
S 0.077957 0.273743 0.655704 0.050000
S -0.087665 0.153067 1.194440 0.050000
S 0.343704 0.033972 0.924207 0.050000
S 0.294656 0.136917 1.267734 0.050000
S 0.297369 0.307837 1.231183 0.050000
S 0.488007 0.213843 1.066885 0.050000
S 0.407385 -0.136798 0.685226 0.050000
S 0.436737 0.121494 1.223236 0.050000
S 0.078256 0.397388 1.242719 0.050000
S 0.382498 0.533765 0.724576 0.050000
S 0.499393 0.339752 1.054196 0.050000
S -0.035455 0.441779 1.127170 0.050000
S 0.144180 0.050186 0.981244 0.050000
S 0.530283 0.238110 0.855270 0.050000
S 0.515265 0.450580 0.999808 0.050000
S 0.533508 0.097418 0.832904 0.050000
S 0.227856 0.439621 1.061993 0.050000
S 0.329327 -0.148355 1.278992 0.050000
S -0.037677 0.221298 0.952042 0.050000
S 0.382925 0.532526 0.872318 0.050000
S -0.108621 0.456454 1.231717 0.050000
S 0.432443 0.186862 0.695331 0.050000
S 0.380341 0.367160 1.311996 0.050000
S 0.119443 0.447696 1.131848 0.050000
S -0.039706 0.018997 1.200464 0.050000
S 0.164240 -0.144296 1.261090 0.050000
S 0.271072 -0.083649 0.744016 0.050000
S 0.052643 -0.144254 1.198135 0.050000
S 0.349686 0.207477 1.201340 0.050000
S -0.045709 0.132581 0.913654 0.050000
S 0.190451 0.446628 1.228876 0.050000
S 0.348511 -0.115927 0.863281 0.050000
S 0.210361 -0.062222 1.031403 0.050000
S -0.072818 0.346802 0.806223 0.050000
S 0.305829 0.025363 1.305652 0.050000
S 0.216107 -0.123233 1.030954 0.050000
S 0.373355 0.440710 0.876611 0.050000
S 0.139886 0.232684 0.969772 0.050000
S 0.372116 0.194211 1.280573 0.050000
S 0.393436 -0.000229 0.713596 0.050000
S 0.020728 0.462030 1.274185 0.050000
S -0.092621 0.115469 1.068103 0.050000
S 0.529385 -0.011530 1.131015 0.050000
S 0.247894 0.401917 0.861530 0.050000
S 0.160800 0.449020 1.315286 0.050000
S 0.306897 -0.039001 1.061182 0.050000
S 0.275323 0.332318 0.882913 0.050000
S 0.056958 0.235397 0.914423 0.050000
S 0.236145 0.039227 0.841470 0.050000
S 0.301492 0.067426 1.142508 0.050000
S 0.315656 0.499969 0.989191 0.050000
S 0.484845 0.188272 0.915875 0.050000
S 0.442249 0.116965 0.837454 0.050000
S 0.373654 0.227045 0.666086 0.050000
S 0.445645 0.183850 1.288028 0.050000
S 0.020642 -0.067392 0.681894 0.050000
S 0.285001 0.053262 0.774094 0.050000
S -0.090634 0.136383 1.028732 0.050000
S 0.265668 0.060226 0.968512 0.050000
S -0.106400 0.440988 1.163358 0.050000
S 0.355283 -0.005270 1.103970 0.050000
S 0.123544 -0.017404 1.023285 0.050000